7 35
214 16362 0.259790975995 0.870352742209
250 14449 0.630169295325 0.379486044121
830 16745 0.0420939886096 0.171320550473
1041 11565 0.369238972617 0.0786023772596
413 21208 0.575112748082 0.742418102148
721 19040 0.412044009663 0.049412357962
716 3542 0.437041959287 0.870576359055
4745 0.3149658456 0.256520905204
3931 0.0341176206691 0.471026361488
1795 0.552850234417 0.936033494703
3311 0.20857579316 0.674951435698
1691 0.578547542581 0.68675828246
3289 0.0720315885372 0.817531738506
1765 0.785791261473 0.479621242903
4401 0.553036731366 0.604583204276
4808 0.699768406788 0.610528329084
1946 0.599270978511 0.550082821129
2128 0.69508247469 0.559543992166
2972 0.738325189015 0.936936282173
2853 0.0480348880255 0.13939855555
4410 0.728879501246 0.62089549548
2768 0.959662165467 0.267328564968
1539 0.266904295999 0.490309629933
3411 0.900164672039 0.485105525192
1097 0.588822632932 0.622982343972
3432 0.13897719752 0.143601435327
4734 0.685072653637 0.116800932677
141 0.60535527826 0.626859269525
1985 0.633879442076 0.0310163078602
2140 0.206454192413 0.464567656967
774 0.0890576853809 0.617338306992
2236 0.420555847184 0.824175134624
2169 0.201461462538 0.892084874061
4568 0.77253848591 0.0669005849067
2751 0.240791973834 0.828858962688
1008 0.393142521331 0.0636789447757
4862 0.106624281232 0.964422210657
452 0.337594417762 0.27296579195
4431 0.268641572995 0.924082510703
4784 0.75234509536 0.827220475552
4854 0.762307506107 0.728511729981
4730 0.717979952885 0.864130865104
