4 22
3755 16085 167.757767 252.477346
3076 17664 382.782074 330.776737
3197 19946 386.461947 48.388751
2428 15960 335.978798 15.837311
4394 0.946902 0.837781
274 0.733926 0.717202
4673 0.205445 0.242561
1801 0.398594 0.496157
1203 0.494041 0.408599
2127 0.452871 0.382815
2928 0.155824 0.306748
807 0.773722 0.014707
4969 0.925048 0.792715
3741 0.050571 0.828876
4520 0.861618 0.451028
2893 0.833191 0.324633
150 0.529520 0.430286
3512 0.326673 0.388513
2845 0.014590 0.581270
4955 0.432989 0.117051
1613 0.344692 0.011926
4829 0.048052 0.233600
1200 0.083572 0.909813
1153 0.908708 0.479778
720 0.293786 0.240643
4925 0.479489 0.797414
