102 772
4567 4988039 0.189804813156 0.0174774005705
4581 4946026 0.590724287151 0.998822110035
4599 4637696 0.120574043935 0.0703856283849
4577 4052316 0.881819020644 0.686050416027
4557 2030088 0.344878959581 0.254354420893
4600 4457560 0.767802927586 0.0747813100161
4597 4459065 0.353841061429 0.760710587587
4582 3117563 0.385057529607 0.268458323331
4561 4730650 0.221007634358 0.969950851408
4571 4561397 0.465392380335 0.931490210454
4617 4470513 0.501889768669 0.249527108069
4566 2771429 0.47040960593 0.221092589635
4602 701207 0.603382886746 0.459407134689
4607 4876014 0.0415184236312 0.737503475104
4616 4898093 0.905274002835 0.196079172761
4577 3668924 0.783730957506 0.635932374078
4605 4985397 0.276925346917 0.983090153583
4548 3683363 0.741799736012 0.0154709524939
4607 4717318 0.918253148073 0.730820708732
4609 4317190 0.793012295314 0.0202927215904
4598 2314053 0.624289545468 0.0222178023178
4605 2766565 0.0305538725575 0.32329987446
4610 1865973 0.453596171853 0.988140897608
4563 3252427 0.187654814656 0.884238358131
4597 2670133 0.0716094667828 0.510419633328
4599 3942309 0.869591762212 0.328567405869
4567 1482990 0.7840463994 0.604361082115
4550 3836959 0.7372650863 0.781203557639
4580 3617267 0.407791962381 0.799149640146
4609 3557235 0.0562065706354 0.255792738638
4607 4076911 0.684515336865 0.422390943338
4600 3016520 0.545980100321 0.514807337369
4595 4845010 0.243466116444 0.17826031404
4573 3600018 0.956878528619 0.216487872013
4581 2029435 0.609156598392 0.974207931521
4553 3895598 0.252671623594 0.230130040087
4563 3622085 0.745413939273 0.315404916004
4606 4668930 0.265792841547 0.402479855213
4600 2829387 0.743075278132 0.787243103709
4563 2997358 0.699670075805 0.551070979091
4555 4017646 0.776512601269 0.692393136679
4589 2829702 0.946988528209 0.213115795219
4600 4835220 0.114217546823 0.272803500732
4584 3342247 0.526151251752 0.46201043665
4584 4234268 0.598051331538 0.379243933748
4591 2980574 0.604283515467 0.00859842032096
4565 4260087 0.301520636212 0.115674032996
4602 4632856 0.147321029805 0.834835512703
4596 4394773 0.00519249045901 0.925455746177
4609 3926403 0.0669519821151 0.131179353816
4596 2861671 0.622046014899 0.782804340618
4547 4454880 0.847778907557 0.997916879231
4610 2726868 0.68357851844 0.472517399636
4596 4791842 0.138531566959 0.202166718766
4544 3583310 0.388138009913 0.929943913162
4617 4721287 0.79267342904 0.0845826177123
4543 4981997 0.209609897764 0.110879619645
4557 3461418 0.00925608949464 0.150406981658
4545 2570336 0.134179071958 0.656744844319
4570 4310543 0.813547861454 0.83363896285
4588 4967146 0.419261340012 0.583434064859
4545 2904595 0.109315336908 0.468594867281
4596 4331208 0.0993948840948 0.309165570663
4542 3347559 0.941122919493 0.595453863421
4545 4576385 0.861400619598 0.500378101182
4547 4708581 0.195859138823 0.202584279866
4543 2649602 0.228039309445 0.519621139209
4608 3582337 0.111632735988 0.863133865373
4611 4316778 0.530036170835 0.456312309321
4556 2777132 0.29547256726 0.889564431657
4549 3121323 0.807562715648 0.391190231339
4584 4565071 0.589444699577 0.728698103967
4598 4203349 0.580103406893 0.971853959701
4608 3813712 0.748617639266 0.00894552143005
4569 4671807 0.267687873426 0.764758536001
4576 3592044 0.0706909840546 0.886878140566
4614 4851047 0.601761658854 0.129013109537
4611 3533366 0.383053555649 0.439470086545
4590 4059020 0.0298701976591 0.685681010751
4598 3851456 0.33608927812 0.229833671096
4547 4485222 0.925885194737 0.677524403339
4556 4005647 0.215100182137 0.4511578504
4596 4225513 0.162221365685 0.958635753905
4595 4545891 0.0143645003742 0.551430556709
4554 3617447 0.105686145461 0.389414838915
4552 4555734 0.299815375395 0.972744166327
4560 4694410 0.51600647987 0.636298186226
4580 3839917 0.411050518455 0.952492866766
4554 3746307 0.130144738481 0.615696852311
4552 4154386 0.771321375824 0.895948119568
4585 4935833 0.994580358292 0.526874160523
4549 4533281 0.981965416009 0.486883994423
4585 4734281 0.406683628333 0.888644871814
4614 3989902 0.94394895461 0.230279854339
4610 4108007 0.0520151609056 0.617324794798
4555 4250904 0.656325763359 0.0147500670366
4546 4915915 0.500268570513 0.738442193009
4585 4427936 0.703292295757 0.63692564745
4554 4568673 0.730864208633 0.66972272031
4550 4382602 0.278940098235 0.973552507947
4562 4161504 0.51246251033 0.516090297612
4556 4168685 0.868645856364 0.621039186616
213108 0.05281203074 0.559608005519
437410 0.732817415731 0.910005947964
448981 0.277010822431 0.621182902835
237409 0.67382376432 0.976481979182
438625 0.753111965547 0.797563499897
507602 0.766317382288 0.128747101748
499450 0.730740881486 0.933343079688
452343 0.901183293609 0.853097800464
26257 0.270765476399 0.140782216267
53339 0.506610279274 0.679827590417
444112 0.563318384179 0.0811033106242
367444 0.393559734801 0.936019268498
226419 0.304003102468 0.609904752875
212306 0.473496072257 0.546630862975
438255 0.0582088834627 0.1894708853
235202 0.469747974825 0.881318507577
321490 0.443011690738 0.398896362872
2335 0.625477261752 0.904178849922
21265 0.664820476598 0.928152785476
502288 0.568550749048 0.630673023434
139231 0.355801092646 0.196871267132
334304 0.676373918059 0.512631669035
231118 0.64427542341 0.845363933168
448763 0.556857548411 0.249769081905
355733 0.965850429129 0.0256507934695
283840 0.932292010326 0.00215290798021
133331 0.361251514093 0.106943813214
451160 0.865723500905 0.149950583794
476850 0.975098469417 0.798653749032
364016 0.785033808402 0.870395594373
255919 0.283398807419 0.713941194072
133929 0.551022043359 0.280926299896
122341 0.234831508827 0.851213563025
327654 0.761538039938 0.814536214676
178434 0.295223855979 0.119603029572
145124 0.275444763964 0.776435687413
389407 0.342058080582 0.143766068369
479451 0.521366764265 0.424598624323
315141 0.856046898051 0.271415509469
28811 0.337318519334 0.574010895342
283677 0.600682226213 0.0573924095021
439233 0.183043429254 0.617597766751
111624 0.520222572596 0.822108099015
298957 0.814922186202 0.500010543053
93168 0.0391229222199 0.608490450146
443021 0.0341547010588 0.957654999554
189714 0.271028448194 0.556739402782
468405 0.248643186741 0.707407612449
314594 0.344659197765 0.595493470193
225442 0.0473989739925 0.0825125183855
256610 0.351305919714 0.638077772232
73322 0.848138048833 0.610898255318
517898 0.197437030449 0.837135299306
339353 0.439505483044 0.129980815698
216949 0.771597577013 0.957695796903
462709 0.834364478995 0.790379280654
313165 0.178019128674 0.00949977737381
99752 0.754721910654 0.0961865516952
442742 0.103326845321 0.667867077814
343530 0.290872919268 0.934900124558
28703 0.383549708512 0.0221428507931
481075 0.832999330053 0.86734167586
423371 0.399019901705 0.493209934322
380503 0.696960364417 0.44900298479
486130 0.774472871233 0.156685180708
94130 0.863234171589 0.306254312137
285611 0.264948894869 0.0109092861453
208216 0.684376160056 0.112464084059
330375 0.00503006313528 0.693506335077
97492 0.099198985977 0.650939086149
176671 0.475827391027 0.38314645589
521192 0.535172405647 0.0507188763213
63610 0.756668453453 0.630855123917
336848 0.567517705276 0.424333777543
75851 0.737733005523 0.0739038342145
325286 0.995632704486 0.735348341589
301060 0.0662532987297 0.60135590104
348323 0.583232134187 0.437661856598
85566 0.681814582029 0.892297125581
396932 0.512574045631 0.640723354627
126073 0.750801721454 0.870144051037
375049 0.690761815108 0.894825847287
252151 0.608627920323 0.866965728352
500757 0.785361852766 0.476073568743
443395 0.784862225945 0.407621411342
482400 0.791420926797 0.955625384101
463768 0.7790648647 0.0194416642638
15021 0.489878933181 0.133277105257
33490 0.0852452695759 0.234328396375
525479 0.618111686073 0.244220752211
301666 0.134974808199 0.928814364148
297769 0.979966156372 0.71609375035
191149 0.823560596581 0.00374795756704
523185 0.84294252513 0.992958639268
2692 0.382199685825 0.196463313463
324705 0.515623174778 0.75034589809
35919 0.850456518295 0.122421354182
341090 0.0542500667829 0.700627651621
178076 0.400303838665 0.0680166757337
337086 0.2319173198 0.738811145986
403983 0.490558817218 0.256379277741
55226 0.204836850657 0.723890994016
214066 0.969973259726 0.604163932106
169779 0.552438993924 0.567291404207
404306 0.0779705771371 0.68881057675
103281 0.46307727279 0.149295509603
427434 0.582601845874 0.0821558959371
543220 0.769297857607 0.377629431248
510501 0.23913849665 0.103125255276
171010 0.351572169224 0.587203009068
313521 0.0164350907513 0.00589939959059
200586 0.0911486599526 0.0445658656978
440855 0.312623783904 0.901366058477
440232 0.851785744819 0.536743648936
25140 0.983759124303 0.860557876296
299582 0.481667988177 0.375290124315
404111 0.225880765995 0.12405861432
1775 0.233308899406 0.152372223089
419628 0.139661476377 0.661432041766
118796 0.376774616099 0.813447500252
374920 0.24909602596 0.506895879531
8119 0.272385157832 0.461100393308
231865 0.839964273528 0.80365754067
89503 0.945232148634 0.158320055672
222131 0.369106604354 0.957656918282
884 0.0785935549746 0.775424643395
194804 0.246767202841 0.597410837588
483779 0.974406118355 0.682432193719
465243 0.692680543451 0.602945012123
554681 0.571832375927 0.220123704017
164970 0.850864010821 0.162645353685
343903 0.167417305958 0.73845801234
244589 0.709142968838 0.890293743414
545401 0.750189659607 0.953708546275
27103 0.0590048790346 0.895516208549
527815 0.617682533673 0.000841847910519
295926 0.0767994272291 0.989905397682
62152 0.64098186406 0.492209761131
11202 0.0798605257713 0.87092073107
387894 0.631174364725 0.406909304326
270328 0.00385523678906 0.4317351073
420017 0.0477144661814 0.886398889015
487552 0.735987926675 0.693418312129
243930 0.0369634990075 0.7333588991
479642 0.0448189241011 0.546420598364
129134 0.892359439858 0.063695232937
422035 0.607093221794 0.107782406455
27233 0.643030175636 0.181176835995
57692 0.316640839162 0.607980669007
366886 0.320837105188 0.186733677732
118115 0.400446572132 0.648524028986
499584 0.80788856408 0.759063730117
392307 0.068033573715 0.894780942506
465478 0.749502546821 0.2814667069
157882 0.0483426350081 0.506410863715
140892 0.0430047640386 0.706034687911
508032 0.793418247229 0.144527583744
389929 0.88150862235 0.906532931925
134586 0.162139728461 0.114631604676
193553 0.0991967863657 0.984865503429
179557 0.389574651132 0.747928949311
10694 0.884641798019 0.240705864099
206253 0.549681631708 0.914187418339
495036 0.585663521836 0.420569838212
371528 0.176118419948 0.191086725049
346001 0.978335264376 0.412350809076
364811 0.298317240914 0.59525084715
153260 0.267693438107 0.215056533841
454615 0.0240688130458 0.700424933177
438655 0.706940843668 0.724328719422
214687 0.406296975431 0.568735065726
291801 0.10459453681 0.543095612627
429094 0.477753171714 0.168408478468
28480 0.949293362174 0.907896228156
83660 0.279557638825 0.0728903110323
82859 0.243907812166 0.752988653732
237634 0.720218879907 0.407450158604
492654 0.229981134569 0.478020004598
303757 0.425958289834 0.435076617001
561051 0.971010558224 0.376488594975
532219 0.50159998656 0.59218779004
46410 0.949021270098 0.421090142631
194438 0.323559606203 0.758749179294
156758 0.401785874377 0.0524448846261
500956 0.498216268638 0.604047658941
431530 0.579866867705 0.798460111835
542877 0.398065495802 0.132394799532
110740 0.0345300600708 0.509314735917
60965 0.359950170593 0.918766631539
30987 0.743570300437 0.187155960197
246196 0.224925994726 0.0948042157054
580179 0.480429440308 0.479398685025
139457 0.862639637424 0.155593678694
41343 0.491098813905 0.296759217168
171953 0.313338969417 0.437667929551
121050 0.752757435544 0.244856156139
96814 0.467005185459 0.876290079744
184455 0.362454669291 0.0231901986652
214130 0.50702981602 0.799905453143
190119 0.548628860921 0.44387009527
420236 0.508720131539 0.886635189568
267085 0.287330164035 0.0758215829955
193439 0.218892595467 0.218841728859
128975 0.0406938168004 0.779921430164
291956 0.0202018048391 0.43396023156
569090 0.954233975387 0.320215937547
542723 0.724455253246 0.143014971901
49590 0.457957243532 0.927978841529
301760 0.56101327924 0.420091091057
150860 0.18073055164 0.720979274292
2743 0.966853122001 0.953657778742
119642 0.892801986209 0.0266637504715
263609 0.204872385162 0.159815566259
365683 0.647655434662 0.862608835282
363717 0.830827425658 0.232063296715
261937 0.165570187561 0.691304802961
584917 0.564984331843 0.568443871178
376565 0.459304200038 0.576048330581
350922 0.892769041159 0.167104830528
339243 0.811527555353 0.693736183039
407886 0.541660811349 0.0265193184519
379409 0.979354078034 0.214358200723
9449 0.992378850263 0.0753083089968
440486 0.0526277041612 0.604365013361
276007 0.117113509204 0.795749790395
207696 0.884014045041 0.0646107973842
302143 0.739886581274 0.918010357319
314383 0.285026681031 0.966021589032
386031 0.166395877398 0.246619221194
164494 0.663587600165 0.0481270761921
24506 0.896645307707 0.236531842434
266517 0.313055408811 0.34556575584
290030 0.649790032848 0.490431229594
68625 0.381449608704 0.497543883077
457593 0.246368659255 0.668832781626
592488 0.182019209918 0.574623957571
103966 0.863113020527 0.395874085861
241484 0.744045822677 0.653107873116
580296 0.831680953548 0.326064951646
117308 0.257306865635 0.512253464866
444626 0.525901734626 0.0915648348461
135987 0.162666963341 0.542751608086
348979 0.160333866294 0.375908242429
495918 0.841037759738 0.176334744899
559494 0.389123345184 0.240029126225
606981 0.786522266279 0.242343869423
144333 0.32418711849 0.278756518016
362488 0.688927967329 0.796900627294
286989 0.311414454423 0.555321660463
313787 0.582490305471 0.0549589600992
45394 0.14654166886 0.00934916062724
193047 0.725425533532 0.427423570655
238580 0.640583397876 0.329883602551
554509 0.685154376413 0.901515124435
421667 0.435222046557 0.819282722906
327947 0.185171468312 0.412193417699
320431 0.96858635876 0.108356896193
265485 0.842625805533 0.0376457806189
109511 0.503485064738 0.698861781652
47027 0.517086747969 0.591378727061
577310 0.349692392506 0.99281628119
335595 0.0778441634235 0.478284712758
75058 0.921932121857 0.446783568973
4406 0.688010037711 0.512975016957
27535 0.0974901693738 0.741767397578
491772 0.26349282212 0.528441168541
78310 0.85683717117 0.330520250791
60914 0.449957684778 0.811523431078
601927 0.467544232303 0.00772131904181
576899 0.922207593029 0.884894634683
80211 0.884154839271 0.702030787679
187519 0.257374314504 0.108019207423
106397 0.299306623722 0.428999925484
39532 0.871014338223 0.174987312862
163412 0.985018941047 0.0061476091927
520064 0.243045327713 0.834082420762
552325 0.297120784641 0.820225419116
52177 0.248732808342 0.746756611377
627813 0.949452660104 0.181759578564
167126 0.0299629435724 0.995910027929
331713 0.0439713123119 0.0756594534115
179648 0.370954878284 0.789307635532
93013 0.404639280487 0.89757371829
383814 0.612939873238 0.100539651498
74184 0.563765272106 0.428674847011
512442 0.468690714026 0.202026097649
19037 0.529774198029 0.963235071245
67808 0.644249423733 0.153808212596
403785 0.736980121392 0.678700306307
417321 0.356030119063 0.846378608064
429165 0.804443047147 0.883680598477
294492 0.193588408528 0.360956237006
577924 0.331791180124 0.200114966116
191522 0.0549832454686 0.567169618171
368198 0.318148977084 0.220267848414
302493 0.254548956819 0.421274542663
439780 0.165273050178 0.200594770996
559409 0.439787665838 0.674047173304
15819 0.143311747785 0.0201999561754
227857 0.952458678643 0.450164770386
527216 0.251015783196 0.651568188569
169769 0.61297231938 0.803450784761
254257 0.826701402942 0.411555171415
319307 0.894257656372 0.841005405806
437500 0.451507533571 0.207370957764
284665 0.586749526436 0.344071769952
550211 0.397922031421 0.426808759412
579142 0.162735636473 0.222071258399
530773 0.437889075566 0.140476192921
633559 0.337244619814 0.0339390015126
62628 0.738627567616 0.634587931173
86235 0.291193419532 0.0586695056587
389000 0.330278990492 0.395542662516
664940 0.766224301458 0.489101664262
545748 0.798093788688 0.943123175315
221452 0.114947541096 0.437563538493
415084 0.763632789815 0.256565721927
63072 0.0413146564327 0.837954909058
626333 0.639035960854 0.731226509102
92733 0.793652360215 0.18534273824
12730 0.796018541771 0.296893769712
400240 0.6907095492 0.579873775827
518115 0.822735971627 0.0586864316271
354849 0.475857806346 0.790310114117
351776 0.572037542018 0.308746406798
77711 0.953086864893 0.732013194265
11514 0.803924437863 0.977249493555
325461 0.520412741583 0.263262256479
515933 0.522789258498 0.414636260712
131823 0.478582407005 0.796252600718
546989 0.695250866061 0.567559544049
524105 0.646145620481 0.820093906102
394952 0.128796754351 0.274825942302
97582 0.151693512263 0.878225895816
82827 0.453170860998 0.504848761458
335159 0.65566852216 0.99638249299
85658 0.845356403782 0.526642929748
320214 0.588138342055 0.294763096872
57626 0.465667116689 0.940487859
354892 0.314022949933 0.521932043732
414051 0.441158468107 0.375901220462
462063 0.816752521679 0.43649395845
652065 0.175118506274 0.125418372903
9777 0.335622049292 0.414182151017
193971 0.920367089935 0.29926428106
443176 0.291604258048 0.522692273274
689620 0.764117399834 0.73933167573
327538 0.694832145088 0.921109797722
453458 0.834835267137 0.489129463029
500182 0.15430782738 0.303063213069
596084 0.127942419559 0.764239416802
14090 0.911822054474 0.215739943179
246918 0.722291550721 0.411427909477
368244 0.504251886924 0.664731661644
146011 0.436113874665 0.30037833933
185065 0.344260840654 0.510835537599
257633 0.948645277016 0.290672506731
290364 0.0189868231315 0.600382941005
651681 0.515404369884 0.435435823852
484612 0.0636133333616 0.0877694818554
149053 0.467058590211 0.0947295427614
432760 0.725743395313 0.230555361955
208002 0.15474297667 0.576492449034
490714 0.885389510687 0.122989363711
121576 0.641096613617 0.0975330171675
122644 0.594106693322 0.610328039724
679641 0.915679592523 0.611059622813
305593 0.612691453184 0.963411802701
320998 0.0385346255209 0.511180386129
124844 0.836988511617 0.0226572523015
676558 0.163569339737 0.261252717879
83876 0.0983540949574 0.45269888652
642050 0.426642357592 0.619598038812
669211 0.00214138419575 0.429430132179
209922 0.194882743911 0.523871283595
165109 0.935812328793 0.0913176833556
273681 0.939876380692 0.402026388285
305824 0.183841606483 0.87844826252
419350 0.875064190832 0.0422631601657
488927 0.135777886255 0.0739891888331
522614 0.292800669288 0.62470430801
29395 0.171594982817 0.0635604103312
387756 0.143034104618 0.319510796718
106418 0.917360970795 0.612465793474
504600 0.940618924818 0.285808533374
201980 0.174393579168 0.858965237542
256382 0.841417293029 0.228057367511
170035 0.0441939571097 0.540546180176
634669 0.897149093607 0.776135876676
471392 0.850155024017 0.531552732961
679657 0.265102208051 0.223286057653
114285 0.854890387642 0.201601679463
397866 0.831640209276 0.0614272756536
302922 0.417406243052 0.692122783985
42603 0.854592828515 0.537691613117
472558 0.757055528959 0.218594865655
469854 0.345664691898 0.550727984917
3707 0.845010280664 0.598374718036
448465 0.949104244768 0.614382265849
496950 0.96028443263 0.0316613177324
478702 0.138781620522 0.0289662960209
585658 0.0828795091189 0.0948289189977
442714 0.967483691815 0.0623275219289
695964 0.152340914511 0.841137993722
121281 0.957619364641 0.163280549307
501435 0.50494546813 0.58968569454
423911 0.572760070843 0.178143895614
381536 0.640258632109 0.14311410547
620942 0.65529479247 0.555428026504
362640 0.0600603899409 0.355648356998
189811 0.474978755499 0.864816672138
557160 0.951284084578 0.89987440423
199896 0.939556531414 0.388511683262
565548 0.913052058955 0.323474728736
201816 0.356110463336 0.689441238949
642987 0.7130179564 0.0263304444636
280247 0.0669712925835 0.0610422120734
722482 0.0312313239561 0.876129882284
60762 0.819036699219 0.701395360385
194765 0.334729838103 0.773983713186
218243 0.954893022629 0.199197956355
43505 0.750237868525 0.205038452245
294374 0.471978397478 0.296212504795
556120 0.365648878624 0.809182556871
326017 0.270537605024 0.68731056517
52157 0.306995378518 0.354454164248
116406 0.00626150247257 0.139670596968
726995 0.626643842995 0.0392104596121
377710 0.405405316503 0.519615060075
19831 0.00461511658967 0.230369766103
202798 0.790572480545 0.0453709744264
604881 0.817581160868 0.0860231143764
349482 0.0942883123778 0.94644109808
495591 0.259771308746 0.208369928984
206392 0.0332428791044 0.743891919016
68136 0.0482638346322 0.725842854724
545788 0.961018718728 0.287107188481
619436 0.85989402395 0.750321670825
262594 0.603292060999 0.045636356088
73382 0.902906810859 0.197876063069
70065 0.120804877019 0.945000179135
493396 0.128343449998 0.26736402245
215651 0.945904445992 0.681383113846
251464 0.215048951745 0.281407349107
110094 0.668250017709 0.728277160012
751874 0.317807218192 0.603858859874
199666 0.728273733625 0.128806881715
753272 0.834513017682 0.71576011454
364980 0.320505908212 0.797904160284
324841 0.733035767588 0.87926808347
28132 0.194991944449 0.326521663503
757056 0.0867618803796 0.990254569552
386589 0.474788718389 0.24823273018
290811 0.361855053027 0.282566993532
530227 0.151487725182 0.90289369655
300257 0.846244480321 0.722788106851
613253 0.772871118579 0.979916928968
393804 0.725893417621 0.225827093504
645743 0.468473288549 0.882027938847
207606 0.836130624701 0.594447090467
566722 0.116454223316 0.743311514571
700738 0.455649959102 0.615045339907
245104 0.512518075418 0.202216632801
695676 0.208250889381 0.053122980687
780799 0.582002609581 0.551104172602
558637 0.567135711397 0.108259898093
818567 0.145732182374 0.401922901607
273634 0.769347023508 0.638136307225
106796 0.112932922504 0.445005880599
66280 0.357458796149 0.569085769933
534922 0.334096593549 0.738823160113
542737 0.403187274987 0.935296449047
742401 0.200041025724 0.159542863786
32111 0.495785892881 0.751001281522
553297 0.00859040696887 0.85801489406
131419 0.971532822878 0.237635763481
237127 0.638217027165 0.81883089461
476080 0.274448239939 0.440507819811
368307 0.40554646101 0.210402643527
54380 0.0392780813345 0.0742157233032
402431 0.963986890436 0.210262651001
83010 0.886898676155 0.413207823663
1050 0.712982810455 0.683090152603
696195 0.138406909078 0.0105144107915
516012 0.313537027076 0.600170915766
8134 0.479352430473 0.0447042482245
78968 0.161933558681 0.880830680138
237085 0.58758729857 0.313830545519
314010 0.702573911228 0.197428772886
786943 0.75838899646 0.799460769571
741564 0.14214426605 0.644849494281
112453 0.160246772955 0.518798382921
619239 0.795302099064 0.410421348098
140357 0.298436150069 0.244630151213
89920 0.901292285198 0.00487861828807
121347 0.0671898605653 0.815690092139
228378 0.274513086457 0.2020626215
717088 0.622593637814 0.683967733445
532913 0.928223803662 0.783119294041
851929 0.596266717972 0.126646597126
791398 0.758292030485 0.116715804421
181556 0.212404098359 0.0868536330896
207215 0.442300936004 0.864096648676
568527 0.832605648048 0.311330131674
615534 0.531348927676 0.919282835409
591215 0.118764453503 0.430496095253
207884 0.877127493901 0.128382740048
155851 0.716659681526 0.237512540803
526117 0.996695848166 0.767209358665
629018 0.639975797772 0.618692211892
613488 0.503956307921 0.977673880359
317361 0.923111324745 0.119736178833
189292 0.262959579721 0.30820604846
211955 0.953893284794 0.39083998795
526411 0.505046380804 0.961569127059
608107 0.900667047372 0.64601135933
215605 0.895421305661 0.0325358119213
498561 0.0769612594942 0.623918440386
473278 0.410459996561 0.19580856475
351019 0.937897809359 0.351553993387
358967 0.212870812049 0.685875577893
818931 0.969871969029 0.140783383401
258656 0.836566438665 0.852062929569
36149 0.200285093729 0.844174815201
235268 0.378670629653 0.50519206119
823245 0.43234778448 0.600000645779
280337 0.66353073511 0.237977551757
769782 0.628425145211 0.378090319446
489132 0.0813550068714 0.588415562237
590203 0.88236654385 0.64327375556
385422 0.418220198987 0.0698130029251
498824 0.0717452685318 0.445373559744
541987 0.879117460747 0.302261127229
145756 0.405792533447 0.97342778064
825558 0.666611895866 0.829827382049
618586 0.0852486144363 0.841682350025
723789 0.237559357254 0.122122329459
865943 0.507511350391 0.374525677327
685215 0.629145009031 0.119316669906
145090 0.478863626527 0.730010521118
101285 0.494513946818 0.390275177872
754364 0.127695725994 0.281738427949
468660 0.971579315319 0.871171839756
236500 0.553014177475 0.910058852267
890526 0.674111423696 0.0272211409385
43548 0.0428476466911 0.0768233292658
967232 0.06364572762 0.468135475899
146361 0.132285828289 0.41739383797
786461 0.442151077851 0.663272039173
418922 0.645302073882 0.483772497116
744766 0.39507551839 0.199271730233
843547 0.91770819902 0.499263517203
823457 0.00725034248269 0.331356470523
858216 0.423713758354 0.178564011994
116594 0.77898281743 0.883438499512
507559 0.65799497026 0.672447956033
530675 0.122995593572 0.347206609764
928221 0.130707394973 0.572146324468
551618 0.997854783935 0.991895973191
424520 0.526093082779 0.861098992876
695886 0.976971728566 0.266616643391
122353 0.208474060775 0.690459046327
201047 0.180787062384 0.963115019921
378157 0.742405549113 0.813584492164
570942 0.479977732655 0.424864580114
543865 0.407230090669 0.651720615436
394224 0.709479660805 0.286845032418
602841 0.817060648277 0.181375551474
337792 0.0255171230574 0.102488482692
113490 0.845657676849 0.0143741711091
640168 0.482608278019 0.991416101891
817523 0.195201835614 0.399775860944
989077 0.631788873565 0.271387855756
1504 0.0417618342173 0.227056044984
890226 0.0133344785298 0.607801920062
489958 0.699521922446 0.746171775628
1008464 0.469770750577 0.0223920488248
829607 0.67725553787 0.744121124281
191259 0.57575168697 0.00454814847383
372615 0.537146216238 0.348485123725
1004863 0.842777084992 0.0335866290974
195005 0.350769002956 0.39551441432
681201 0.511700720134 0.72148898478
418285 0.350604647248 0.243897051216
457362 0.646355088928 0.864859416197
696391 0.334099872204 0.957893305479
72749 0.506113848973 0.159565143832
119206 0.0681402517165 0.904839631463
750591 0.448633266329 0.757221958791
136755 0.646194114505 0.817798414894
516811 0.348072116396 0.949815249359
6465 0.574355844421 0.581866309468
987483 0.00557298950136 0.921496493631
474614 0.53502306726 0.714151774147
43452 0.210256993264 0.509194285175
462707 0.369563344008 0.242662816045
1094888 0.434464768538 0.657588074522
626962 0.228814039954 0.901626439483
888038 0.43732035684 0.561180777306
268472 0.737950554863 0.623996783055
501870 0.0465105163223 0.659147731171
326475 0.557790296119 0.67598700932
115645 0.806209449559 0.523616006491
756267 0.434183766441 0.262846910165
432892 0.429995203631 0.13587265341
1092090 0.119017946927 0.070410247746
602483 0.0906997095499 0.0296722803223
1066668 0.415903219441 0.755390981307
986311 0.979717816355 0.411684897041
1037661 0.0772137306695 0.344110932747
667241 0.391739583998 0.598720513048
1091260 0.239971051363 0.471066592149
1100137 0.300545949198 0.351391375688
269472 0.535362122744 0.201703980246
1039833 0.31998257253 0.466588323419
109543 0.446377005127 0.44337174007
677728 0.678621240435 0.464004073143
763680 0.174537408436 0.155243375505
427697 0.266458338529 0.27762150152
429536 0.0504373926506 0.078600755508
988862 0.927691564352 0.204750407829
345098 0.61712389396 0.828607860784
513805 0.278040269593 0.859540308037
592964 0.591427205502 0.508821894561
947890 0.972761952092 0.60008068099
864189 0.185731625873 0.00252979908832
14520 0.902663151832 0.190997941338
903559 0.397336289145 0.211822284043
405829 0.431059030627 0.265380818004
725529 0.617419247438 0.182075024028
528251 0.902887650609 0.641939949349
335369 0.375817792257 0.00520692967243
760056 0.97447298124 0.402214168764
581950 0.0794815098222 0.170360598715
307808 0.887259487625 0.526050908163
782240 0.651497449527 0.701379298728
775348 0.186979608221 0.0680949268708
192885 0.673470073331 0.211200499178
436441 0.390313153103 0.757479284266
366504 0.774607089723 0.843826017554
59842 0.177624478302 0.738837211685
208559 0.689201508864 0.138877766433
182593 0.407101559693 0.279081461653
329019 0.937381052396 0.744474936193
1026148 0.469189175307 0.141605439309
929969 0.59507241415 0.945394984923
410302 0.0102116227893 0.618652043502
257038 0.349383817606 0.0847918052725
497583 0.545200266128 0.115273406172
165041 0.027599035527 0.750033746946
1096952 0.52576344481 0.44430621221
1214706 0.795433169437 0.890848684724
1271884 0.74057479345 0.418191093542
700529 0.416965607089 0.880204846121
128669 0.497173917963 0.453518953057
537164 0.955985790233 0.335704985412
624789 0.739624646917 0.57183821794
996540 0.844794136355 0.954043522427
138742 0.405438089391 0.276729363552
108306 0.839815519722 0.685190118823
915014 0.0192608417074 0.843445412759
1318187 0.720813384187 0.742536257336
507058 0.230089061609 0.969276174104
420280 0.765021791974 0.663200959964
1233705 0.226902481896 0.400362978024
923057 0.805085197108 0.215814296316
1010948 0.287689638131 0.271582579437
1004712 0.451598208245 0.759138875774
1053221 0.151038157986 0.972976484129
304303 0.196627283575 0.24390493049
208460 0.481906367857 0.796613183455
698087 0.883450967858 0.104050585245
279316 0.897165415653 0.958052562779
1158208 0.465250046802 0.106503643044
849953 0.487173555335 0.135408899733
514525 0.828093829263 0.354902869298
365705 0.119643747926 0.792871555328
1057131 0.603516167267 0.398263743851
1047146 0.0411064828193 0.336400013407
1375013 0.935779174133 0.359281644605
869034 0.0775400777248 0.319491204721
790825 0.837428894988 0.162430903273
913694 0.0730273424888 0.0586253519704
236589 0.237428460481 0.477192539124
1159043 0.83869074353 0.602880980427
623584 0.434267374774 0.817744777066
1412900 0.470607121417 0.264293771728
596244 0.819959560851 0.0084310794984
34251 0.549980390128 0.496379289805
1401769 0.0878062659867 0.577367744863
1370232 0.270705933474 0.48928517112
839096 0.971456953243 0.695628656816
1596966 0.857298348998 0.480203905807
1126855 0.256319336832 0.0823049921766
192048 0.25887949803 0.990262847591
1309572 0.236903853218 0.660764763794
1064233 0.747105056766 0.877588381638
1155777 0.388111135097 0.725413832122
79975 0.987257918078 0.600204896932
1471894 0.449721143876 0.375585147068
114877 0.991251676501 0.705246129523
445333 0.430786875194 0.661938078202
433025 0.374966266056 0.603846621009
944395 0.460821566892 0.248407603897
40429 0.79367136017 0.826323571845
290452 0.544639296291 0.559803345163
587669 0.205440351113 0.749214715723
689512 0.853511624855 0.755361145859
778931 0.674402998788 0.0915488381418
247952 0.939665642559 0.782939057388
792761 0.510804099849 0.896671077525
1682505 0.135844869852 0.520192768757
1778877 0.269034197199 0.936852666154
809018 0.854869653907 0.0645496798052
275278 0.578416612369 0.184072447903
1189353 0.996853793476 0.321932582352
639850 0.541024145222 0.888272990517
849975 0.0894055733222 0.926427535848
869639 0.169754785995 0.677061782244
1601378 0.84005969104 0.371076692729
1622171 0.0890421487145 0.641074265103
1903209 0.339276778509 0.211711058369
1289869 0.466210833098 0.23931130326
1124792 0.628140731122 0.528353075762
1743097 0.442300592945 0.610448157143
691673 0.179063492914 0.0741800589314
139171 0.823765836682 0.10743409594
1227912 0.846167014554 0.627707042453
364517 0.326678643424 0.567974253587
465293 0.0370808355741 0.684812940132
1310688 0.737435441148 0.21580328573
769273 0.62639790495 0.340467414953
1681661 0.866961748366 0.597855225734
984720 0.820268202096 0.117011837802
1985432 0.553967204908 0.0199121928776
2060433 0.218456740119 0.848977109184
91077 0.537555697992 0.915172727481
730803 0.687842891866 0.242756767197
2261133 0.355678595086 0.765996167998
1436843 0.596620109675 0.313777677239
170107 0.38763089235 0.0399659080698
2020867 0.750976740149 0.681721420133
368436 0.214375386795 0.776193149966
1832858 0.286626690086 0.428501596783
2349394 0.526546037276 0.212424145675
2632257 0.28036314352 0.798755430795
2725229 0.423517057548 0.295725540953
836365 0.941940450374 0.634888100101
939 0.794596632504 0.39230647882
2031176 0.324551634285 0.203803546529
1306118 0.073331872446 0.0521981809883
1716344 0.549052947324 0.408491079438
2561630 0.791863570632 0.731586196496
1786860 0.708954192972 0.471627083409
2564521 0.505463337482 0.196279694373
2007089 0.88213015263 0.689429437876
95796 0.653092762894 0.239170863629
2628512 0.678788487797 0.162813733055
462042 0.137356111691 0.662132918559
2605663 0.0341604810711 0.231737935148
1523414 0.502103412834 0.913156453112
170796 0.944087947741 0.115864105309
725669 0.227287992003 0.66282677981
684854 0.733987385151 0.268398888086
745463 0.858221852671 0.102677061421
1299370 0.0650734786521 0.198028095035
1005936 0.963872799956 0.41578800305
2896056 0.91281230987 0.197518839075
2887669 0.462778066574 0.207103792514
523330 0.366131447728 0.427275033448
3415304 0.293445835033 0.111662898
2594046 0.474151927517 0.343554146037
