1000 1500
7318 5509 183628.8175 186764.8775
8788 5018 96643.99 73941.7775
6958 4844 70609.21 122097.355
7317 6403 101714.2125 157489.2675
7463 4917 147991.86 192363.4675
8215 5231 152235.6275 98236.5525
8472 5977 108932.1175 189761.6575
7800 5053 86098.345 53020.5975
7549 4935 167796.815 186870.485
7634 6231 129285.96 175863.96
7023 4018 48268.7825 112464.3525
8054 4100 149705.3425 34290.725
7146 4538 45100.1375 189333.2675
8536 4435 118684.485 86705.9775
7765 6084 52659.31 73737.4675
7479 5676 139775.225 102107.115
7696 5870 18819.5725 96817.515
7487 4606 84404.9075 70482.945
8400 4417 137597.9975 36818.455
7547 4579 38717.29 171454.9075
5936 4658 963.815 171633.29
7410 3094 197913.045 179587.4825
6031 6462 195062.9425 6994.98
6729 5364 101897.8025 130373.2775
6907 4630 27254.69 16189.93
7315 4677 100241.5975 13481.4125
7728 5285 168549.53 172661.98
8824 4506 75887.0625 86292.77
8945 4918 104929.975 165375.055
8571 5143 105572.465 46254.0725
7124 4929 143568.0975 113375.8375
6366 5228 194867.405 3224.285
7778 3702 110671.65 97629.5675
7973 6508 923.67 117176.925
9215 4868 194944.185 90171.1275
10204 4906 180830.4525 141366.0775
8431 5201 15813.655 71231.965
7440 3861 13757.0275 125490.8675
8612 6393 85246.2125 9390.795
7222 4411 195896.545 107990.6125
7693 4511 108684.97 106191.6275
8298 5742 91858.64 1156.08
9161 4808 82896.8 84900.06
8251 4784 9802.3825 170400.7075
5671 5297 37677.775 82547.535
9627 4698 56161.7275 35795.0225
7523 5165 78402.4475 66305.4975
6566 4262 10971.6275 160958.545
8305 4158 55280.13 129042.87
5911 4944 98870.3925 163016.4375
8921 5435 118936.015 159854.0525
9589 4860 162610.815 19542.5825
7866 5377 50843.375 150872.25
7863 4700 70484.77 34061.5825
7976 4182 157531.1625 85971.865
7220 4633 119002.93 102033.48
9171 4846 88375.7325 65705.4175
7921 3488 91207.285 73159.6775
7393 4676 2067.6725 126939.35
7855 5566 666.6675 38934.4175
8449 5769 39502.5375 102255.55
8535 6615 55893.3125 105953.625
8547 5556 82633.52 25002.3725
7756 5566 189815.9325 44044.6975
6253 3955 60069.2525 152465.1875
8646 4969 179974.1975 178369.36
7957 5688 185988.57 87466.0725
8206 5844 54782.6625 140255.1375
7912 5493 149574.3 153783.99
6913 6518 119010.4775 57551.35
8177 5174 121035.7975 165377.865
8413 4885 87666.915 145012.6775
6598 4491 93560.215 70796.14
8471 4238 67250.65 65460.0875
7287 5882 86058.3875 71451.535
7952 3761 184670.875 124467.54
8139 5421 168643.5825 131571.935
7255 5476 157372.42 23702.7575
8006 4447 116261.395 81820.14
8557 7153 100427.44 103109.5425
7938 5811 88368.0975 75033.195
7494 5902 46027.365 46690.4975
7149 4455 90501.005 114605.9425
7258 6472 124606.03 154130.625
8940 5784 90054.505 187169.9425
8618 7209 128356.265 144953.97
7873 5007 70163.515 5560.8
7523 5863 23423.865 141888.85
7650 4876 525.5025 97528.475
10537 5643 69200.94 76105.1125
7191 6372 11222.1025 79780.5325
8537 4530 148953.205 62970.035
7544 4342 35917.99 113858.4525
10016 6619 78681.17 6967.065
7712 5253 40918.3125 194840.56
9592 4534 177298.51 174117.88
8522 4591 31246.9075 7272.8175
9318 5711 131525.015 167724.4875
8025 5451 7067.4825 68220.505
9173 3964 173874.12 195436.6875
9504 4779 32283.155 194260.8675
8421 4891 31323.3375 183055.2425
9116 4355 30382.2325 197241.265
7693 5717 175488.7375 107061.955
10034 5885 136502.8325 103853.2625
8742 5113 135013.1925 90248.3875
7458 4481 122773.9825 142710.1
7898 6318 59079.8575 152490.5425
7533 4303 183212.92 123417.7825
9236 5097 87210.7625 55488.4225
8603 5358 132956.4325 56412.5525
8840 5441 189454.1025 71536.4325
6568 4524 66691.7575 107138.73
9130 4588 5492.19 57631.29
7772 6236 81031.2425 189843.44
7908 5001 87964.135 147569.28
9375 4303 168965.405 34769.6025
8173 5185 33095.73 186315.8875
7433 5045 114271.195 152706.1025
6879 4916 98167.81 142035.7125
8279 6022 61430.2025 116715.2625
7748 5198 197550.6875 158447.795
7331 5348 129900.105 119888.9225
5829 4665 18539.9525 47105.8625
7449 5865 90209.5325 121657.8475
7129 3673 35505.3175 88882.635
10678 5889 134262.835 177128.7175
7798 6192 55040.4175 31331.075
7601 5158 121933.81 168804.7775
6359 5530 36951.165 137723.545
8370 4224 90375.3675 171954.6675
8325 4347 152250.19 111966.0475
8244 5070 60035.4175 84756.8325
6790 5552 150120.7275 157937.785
6695 6438 12772.6375 146259.075
6714 4570 58788.2075 64667.84
8720 5342 18890.0175 177650.235
7776 4490 76589.4625 15040.0575
7973 4750 25238.71 121844.8375
7685 6017 196292.69 12099.795
7974 4723 98859.065 66531.2425
7616 3888 125357.035 106893.4175
7134 5836 157286.76 165823.975
8851 5437 143078.655 187711.45
6603 4395 87980.305 164881.635
8126 5632 176752.0625 106048.0525
9269 4718 75291.9325 74202.7875
6939 5493 117646.4075 55731.865
5935 4848 50775.355 134947.475
7046 5830 35007.445 46849.655
7466 4662 136767.565 135918.0175
9296 5380 41029.125 23948.2225
8290 4236 85235.195 30018.02
7081 4464 90336.7225 95930.05
7760 3195 186902.875 55714.6825
8756 5773 125203.1875 130863.14
8829 5091 1801.5225 50516.97
7745 3593 9374.035 192912.495
8794 5484 194796.2875 64031.005
8511 5641 138880.935 173252.4375
9381 6148 11808.2425 42117.2275
9409 4170 110334.0825 129646.61
8553 4181 115526.26 87371.72
8936 4612 185941.91 196659.4575
6937 5628 148608.3725 95866.21
6458 3983 71434.0075 38138.2175
7421 5531 97006.2125 83025.6925
7400 4637 199195.6075 190246.5775
7423 5117 5681.9725 199003.3775
7512 3870 7752.745 48348.495
7339 4974 174826.845 64793.1425
7649 3999 192342.57 123010.6175
7738 5960 144380.1425 31568.63
7798 5246 154884.4375 132092.825
6808 5672 188678.6575 131464.6475
8809 5397 26193.46 56689.8375
8762 6374 133608.9425 38659.31
8450 5172 90305.2675 128069.1025
6931 4817 152966.4325 23687.1475
9705 4489 60564.0525 152668.62
8428 4231 66046.635 9112.795
8003 4592 97354.53 116955.3525
7852 3989 169842.825 127486.7825
8338 4362 66084.9325 196136.6225
8849 6579 154949.595 60669.0675
6898 4391 128935.49 75496.115
8288 5418 181716.6975 92376.0525
6992 4526 50318.115 21055.1075
7774 4795 17605.085 54677.145
8404 5527 130846.4425 91411.045
6991 5909 84148.95 60536.74
7343 5054 24855.345 139465.3725
9353 3600 16710.4875 134025.5675
7774 5250 183928.8925 101125.1675
8707 6204 82010.525 190218.985
8985 5452 176069.7175 156269.0775
9132 4125 28561.2975 68866.075
7455 5308 45567.295 32164.86
8281 4507 115276.3975 30709.2025
7592 6051 196069.2175 175828.3225
9897 5842 143789.14 107431.85
8206 4891 8185.235 93531.785
8238 4643 51156.6725 129184.1775
7647 5238 148346.8625 93733.33
8250 5452 101218.43 110562.19
8175 4533 139054.25 5137.96
9387 5838 124857.405 161842.9675
9415 4691 85776.7925 3336.8375
7991 5825 101305.0325 68056.835
7392 5716 43878.08 132206.605
9099 4153 11778.86 163094.915
8675 4834 83374.2675 76198.705
7413 3785 97785.5225 14963.8875
9001 6493 117866.425 136153.38
7865 3968 78523.175 117876.6375
6785 3377 140058.5875 12776.235
7959 5904 132202.685 64540.565
8119 6398 94720.105 171194.2275
7205 4580 161191.85 169393.275
7906 4494 157150.0125 57204.085
8607 5123 137044.4975 175352.6075
8817 4144 14002.98 123898.365
7879 4421 52626.1025 124343.0875
8928 5686 61567.9225 84209.955
6612 5124 150719.74 151280.9575
7877 4832 188231.95 6400.295
7892 3975 153089.4375 151084.6975
9011 6309 35081.8175 46730.2275
6808 6055 48438.3925 41582.8325
7972 4961 17673.035 94196.875
5955 4005 67006.3125 179708.0025
7565 4951 30852.2375 59301.3175
8913 3447 130940.555 191640.9725
8435 6108 110077.2175 24640.325
7411 4767 137296.3875 87371.2625
8317 5970 60405.685 96555.0925
7636 5708 135964.2875 90583.1575
8847 4752 110059.7525 14731.065
7515 5636 129088.205 193091.02
6688 4456 70372.855 83588.685
6944 3718 88796.77 174483.61
9237 4472 102430.7025 174330.8775
8988 4109 341.5 13900.1725
7768 5394 149340.49 67606.44
8639 5044 142087.1425 73905.9075
7122 4980 95965.25 193145.98
6605 5085 58774.975 144844.9
6003 5186 40867.2125 13452.295
8853 4383 100002.8275 148446.8325
7130 5481 19885.85 140655.7125
9559 3797 106702.45 59117.745
5448 5731 59841.0775 29708.2325
8210 5140 123384.04 50432.6025
7717 4546 109146.7675 179075.775
8990 5273 197890.8675 176920.445
9666 4468 30333.79 99582.5875
8717 4498 195215.2025 66237.6375
7957 4801 188203.38 152223.31
7398 5489 128189.1225 127603.1
10105 5391 111523.4075 40332.1475
7962 4456 105965.9375 138878.7175
7672 6122 121702.345 14697.5775
5900 4505 97412.2375 87654.2525
8208 5234 84853.87 12954.965
6854 4677 82975.58 92909.905
5886 5488 127573.0475 82889.2725
6683 4048 145697.275 111578.56
8769 5176 109826.315 121942.225
6893 4747 142953.835 180080.6975
6754 3419 31167.145 67623.38
9641 4834 859.3325 117367.1225
8694 3782 110475.8475 168098.625
7806 5916 161045.3575 199216.795
7871 4791 47340.3375 175980.2375
6815 5997 165498.6275 133796.24
10054 4099 21725.765 131946.145
7685 4610 49193.8525 27221.1
6777 4025 194980.365 27520.3075
8304 4739 110087.345 198856.735
8716 5702 51583.2475 155795.9675
8804 4756 156144.0575 117446.03
10083 4631 100463.9275 87241.7275
8471 4724 65095.9425 2767.545
7447 4608 92280.595 92807.79
7980 4911 190767.9125 88363.285
7005 4973 161495.085 47347.5975
8190 6100 166920.68 74141.8925
8381 4365 145296.3075 23407.4325
9118 4644 98801.3175 134764.8475
7130 5538 197986.5375 128994.4575
8922 4841 170572.0175 106781.435
7776 4900 168718.7675 62001.155
8630 4500 48059.1325 114995.895
8819 5687 186455.425 16768.13
6965 4616 5918.455 174325.1925
9985 5630 190269.47 78005.34
8307 5374 13974.4175 132647.0475
7385 4863 9216.77 55284.8725
8423 4428 159365.6125 141454.385
8168 3823 27107.0375 91299.8875
8074 3284 41483.4325 16878.2075
8395 4335 69092.7075 136168.145
8754 4598 172361.99 172430.515
7209 4756 154696.13 116132.8925
9623 4870 15841.1575 147315.63
7637 5026 9101.26 94720.77
7884 5760 5043.4475 58848.44
5912 3263 1716.45 77728.9
7817 4999 80672.8525 145498.7825
6814 5622 130687.89 80489.765
8021 4249 97419.645 70314.46
7470 4953 102703.7325 95744.6475
7680 5661 81937.8175 12817.5575
8390 4012 135877.6925 19464.59
6852 4808 53975.3625 121812.9175
8710 5482 134146.8425 120553.155
8011 4109 138620.475 43387.14
8288 6053 54056.1325 184645.9875
8472 5375 108257.5825 122823.75
7255 4289 89525.6775 13315.805
6916 4893 108327.12 114560.9075
6609 4573 166125.6275 141832.975
7661 5226 196080.16 147948.0175
7351 4043 173327.095 131450.335
7254 4229 157788.255 94796.6
10268 5866 62172.715 105531.9325
7774 4963 108364.16 80936.22
9923 6510 143192.24 8754.7675
7439 4985 138082.4225 17668.48
6955 6302 85567.82 183045.5225
8297 5179 76094.5175 167332.98
7982 5357 178968.13 195030.3975
9295 2819 191361.1975 42255.845
7270 6814 168991.64 127116.68
9176 4949 21517.5375 101322.435
7288 3929 67990.905 198347.89
6617 3372 52610.285 92825.435
8065 5298 136320.835 37369.7925
6263 5594 1985.315 150143.9275
7372 6087 1693.825 124668.105
7514 5224 170476.4225 37254.1925
7889 4368 131887.105 73527.4325
9743 5132 133155.075 15087.235
7300 5047 110068.11 71119.4175
9348 3645 91527.31 72384.575
8332 3556 140272.35 160490.465
7516 4447 69305.155 123006.2575
8565 3862 65058.02 168813.4125
9563 5606 79386.845 156782.1625
7741 4547 99276.27 14140.1875
7075 4333 54094.015 47830.335
7832 6199 59055.095 158012.87
6752 5000 56048.9725 43448.9775
8292 5143 23178.925 97493.1
5944 4816 51622.995 56158.01
9347 7339 88610.755 57192.085
8556 4773 63952.51 199753.2375
8968 4942 61366.255 154971.065
7149 6702 149902.635 179839.34
8307 6156 41286.46 180885.4825
5895 5290 36672.7175 3909.6025
7863 4373 137940.3225 187705.3
7683 5896 160842.435 12384.5875
6260 6255 45024.79 139949.0
7607 4724 144587.495 177684.855
8446 4937 13934.2225 129173.1475
9059 5701 115044.095 105642.1275
8781 5138 97275.4475 23191.62
8616 5823 49270.1025 124451.37
8079 4152 93962.1775 41752.6225
7960 4003 36002.355 27396.025
8639 4437 68572.0075 30460.0
7589 6754 132681.7625 107540.575
7643 5072 99762.37 197033.63
6355 4761 67662.915 71064.38
8421 4822 171405.415 90435.68
6980 5197 49871.73 53779.3225
8030 4877 127790.095 148144.67
9574 6422 176112.5175 95114.7275
6789 4428 102549.485 27988.88
7161 4743 114191.3875 182725.7575
8218 4070 114691.6975 140887.5175
7853 4935 116879.0975 185286.8125
7318 4690 151611.9225 29849.9425
8024 4520 156047.0775 79061.3775
9853 3121 150462.635 102724.0775
8068 5370 184051.6375 138227.7325
9308 4913 45066.865 11513.565
6757 4372 67673.255 187496.9625
8017 4567 48931.485 119326.8475
8227 3995 130020.08 163129.03
8204 5718 167689.33 115866.81
9588 4449 141940.585 198122.495
6252 4408 13244.6325 143249.45
7486 6864 93227.48 81727.4425
9272 5157 6654.2225 149158.9325
9524 5095 13608.6025 97151.5525
7852 4495 68879.815 99969.8625
8195 5182 1487.0225 161133.91
6917 4890 107506.88 28550.5575
6655 5932 172541.8925 65296.7575
9211 4875 45287.5725 149145.425
9809 5705 22935.925 146604.975
8634 5687 136238.4425 50975.665
9526 4727 79741.23 146759.165
7017 5095 95881.805 106942.5975
8689 5997 115022.285 163108.1325
7812 4529 49978.09 107867.59
8768 4999 138349.36 45706.04
7472 4103 46975.2125 23643.4425
9071 3866 72122.5675 195708.5675
7533 5924 126300.2825 186849.7975
9003 5483 53719.3 129729.08
6157 6326 129105.615 173397.1375
10776 3158 12452.11 176477.42
6654 5293 115806.36 186395.265
8800 6059 189697.71 193685.3475
7893 3471 180229.1125 46295.225
7589 5269 10898.3725 97518.4275
9572 4699 92998.7825 50350.095
7077 4932 146933.69 12269.94
8023 6103 75173.525 141575.6
8310 4386 80909.775 83288.45
8994 4959 85599.0525 18756.905
8060 4534 17147.3 56243.6375
7850 3239 161783.8725 156429.37
9684 4557 72734.9375 31233.7875
8879 5251 96046.785 176965.435
8245 4835 128922.64 122124.1825
6923 5637 13510.4575 128210.0675
8585 4840 44174.52 40149.0225
9320 5028 196414.6425 37592.7875
8200 5464 36505.77 171362.8325
8004 3710 106136.295 197374.4375
7829 5501 9633.1425 83448.9325
8755 5146 51605.1675 93031.58
6792 6363 29187.95 160029.2075
7287 4056 137716.69 142776.6575
8704 3649 71266.625 147156.7375
7411 3660 94394.335 48343.3925
7032 6153 171038.4825 38565.0475
6999 6091 111972.9775 108521.0275
7701 4465 171416.75 164370.02
9179 3915 34038.85 35730.485
6583 4781 82802.7825 152033.535
6540 6268 109169.3825 33144.4475
6235 5772 89357.4125 44567.4775
8061 4589 16595.6875 0.0
7012 4454 171144.1525 126905.1275
5827 3435 159328.4 118541.78
8686 4520 44614.475 11469.25
9856 4848 195670.7125 80519.915
6764 4499 151975.095 166102.565
7662 5430 34426.575 59538.485
7750 5923 147724.0 65242.84
7445 5230 194506.0625 130834.01
8567 4307 127255.145 117856.03
9459 6154 30408.405 181485.2175
8537 5713 44520.085 185833.9425
7122 5983 76468.6775 64583.7475
8967 5724 24415.8875 177469.9
9233 4305 130833.51 4295.0025
7157 5387 140768.8675 198561.625
7795 5194 145373.775 73423.705
7803 5029 22539.0175 116632.8375
8978 4742 7005.63 176839.0575
7609 6618 144703.4525 108521.22
7408 5301 61519.62 179793.8225
7368 6435 93406.28 104919.9375
8373 4732 3252.385 44117.965
7270 6008 135818.1375 162730.4325
8191 4287 169615.35 84151.4025
7345 5554 12964.3725 121060.505
7825 4751 71391.595 109530.7425
6572 5000 4555.18 173387.32
9296 5952 57958.385 63334.0225
8059 4532 197410.115 174500.1975
6763 4185 116453.12 143231.53
11213 5783 143690.045 12661.145
7557 5288 2589.1075 159368.5425
10678 3990 48930.6075 101888.9575
6872 6122 185486.94 124584.9075
7593 4805 973.15 99791.6025
8656 4733 32762.9325 41541.185
6825 3790 13355.59 36067.0825
8582 4689 27876.075 129153.8175
9165 5448 129950.035 164866.4375
7695 5213 6793.4825 57156.4475
10209 5429 104518.2425 173361.1525
7602 4789 84140.505 59697.3175
8210 4502 44228.2 117813.07
8446 3242 12941.1775 184302.19
6696 4434 78073.705 101075.03
9518 5881 16943.3325 184158.8275
7801 5088 174408.265 77648.955
7300 5116 153808.72 126506.4725
9371 5630 195598.9175 189811.0925
5639 5597 129269.6925 128820.37
8738 4633 107823.89 95869.0775
8967 5929 31004.925 167200.7175
7393 3235 188237.34 135670.68
8802 5067 175559.93 66902.8425
7027 4385 108165.9375 182178.5375
8341 4559 6135.4175 53114.8625
8954 4772 161853.1525 199942.7325
6169 4927 55725.34 184305.665
8425 5705 21778.1425 27879.87
9927 4489 128553.0925 92830.81
7497 4288 95334.6575 67724.3925
9760 4842 84910.1875 126888.78
6962 3933 91227.4475 169525.82
8119 5292 186170.895 72949.0575
9132 5228 37200.27 58157.0775
8785 4002 90961.9275 54824.005
6794 6073 159656.755 120181.5675
7516 4375 105395.64 72934.305
7192 4529 61572.6125 114259.57
8198 4680 673.145 89941.76
9889 5475 194244.0 139852.5675
8013 4099 154715.5125 39002.4525
8049 5281 195785.0275 144166.085
10701 5298 169827.2975 97817.745
7921 4067 49781.4075 32228.485
8141 5861 21242.49 75703.9225
8936 5935 191015.21 50508.8875
8686 4386 38496.965 156507.9425
8572 4182 57474.9125 148005.4175
8378 5871 134169.6725 67433.2525
9178 4388 169830.825 130417.6775
9092 5948 21474.8475 73028.6925
9871 5597 182005.9 116085.8275
8178 5107 75839.36 143893.5825
6868 5403 76944.49 111673.59
9032 4652 170478.765 99773.45
6106 4936 166230.4675 145023.2125
7853 3735 87027.8125 130978.935
8711 4889 199018.105 14797.97
7964 4203 46287.4975 36203.28
6420 4157 153643.9925 19880.7525
8123 5846 78081.33 81851.0875
9302 5879 92350.5275 123799.3575
7261 5705 28617.785 123640.28
9047 5522 164158.82 54684.5875
8710 5262 83180.2525 44165.86
8313 4218 51795.5825 51644.7275
10208 4258 122600.6475 99595.15
9450 5872 36504.4075 77695.54
9098 5406 93247.2 165164.355
7417 6064 96049.2075 187624.505
8631 4888 170354.065 132365.6325
9415 5724 67710.335 9915.3875
6709 5770 19586.5125 81428.27
7845 5518 182432.6225 104319.1475
7572 6541 68847.0575 50085.905
8915 4004 144249.0625 101431.35
6702 4548 148283.8125 161959.265
6889 2957 42920.6875 63658.5575
9606 5666 107879.7675 111677.51
7406 4921 54929.25 92.17
7399 5247 67764.835 188300.52
8237 4609 126610.7825 161682.9925
8315 4712 14179.37 17978.2625
6217 3932 65039.52 28498.545
8657 5988 126581.205 2028.4975
7829 5172 93478.93 52638.9925
7654 4966 16746.09 2118.1075
9905 4023 25849.7675 41663.775
7510 5544 157508.7375 6446.015
7798 5601 105899.585 105145.3775
7990 5489 24517.1825 73737.5825
7292 4465 130650.775 70927.2825
9033 3704 18924.2175 68284.095
9352 4803 151785.01 180615.33
7552 4660 78074.1125 105770.43
7967 6225 191352.3625 58533.845
8326 4735 107762.54 132347.115
8410 5195 5097.5875 105521.2275
7809 4976 196243.215 13202.6675
7433 4186 162011.4725 46318.6825
8537 5058 10400.65 72404.735
6488 2914 112817.8125 31903.9725
8538 6570 147608.035 112297.675
9268 5496 167884.08 150798.1375
8224 5539 182780.685 189490.055
9328 5688 45771.23 109756.58
7977 5417 13391.07 41366.035
8615 5037 90897.37 101103.0675
7002 3637 175377.5825 98937.3775
10203 5981 80639.495 65388.435
7220 4518 191810.02 105664.845
7257 5560 49844.3175 173368.4525
9659 5215 154084.4875 126931.36
7561 3948 163603.1525 55833.2775
6885 4854 121464.3825 186835.325
6388 5793 171005.1875 5458.6325
8303 6551 62846.7375 77734.8625
6906 6154 66577.0175 83434.1225
7319 4348 81082.1025 44532.055
7766 4536 137330.2775 95269.39
7200 4768 133353.4725 150110.1875
8560 3493 114624.795 10568.355
9020 4464 55310.8375 36427.0575
8653 5586 101340.8475 120536.6225
7336 4261 1387.0325 75231.9925
8627 5487 189417.3825 112154.635
7521 4554 65535.53 78401.47
9363 5099 139461.275 171474.7525
5439 5134 124875.8775 91668.0575
8352 2958 96595.64 75720.8175
7225 5086 24338.075 153276.875
8681 4789 168371.065 165632.235
6975 5646 70996.43 152291.605
6279 4763 194950.6275 34109.2875
6913 5448 51729.415 118440.1275
9347 3838 76078.595 325.215
8887 5131 76491.225 55348.21
5198 4789 68939.285 16413.6225
8230 4563 166723.61 193130.3725
8693 5387 154686.525 36361.7925
7033 5525 149497.845 160752.66
8802 7252 154472.7525 177169.685
7431 5863 119087.8425 27178.11
7858 6068 38251.4775 109112.505
8854 4317 156391.91 124606.0075
7072 5446 62248.21 170562.6925
8651 4968 124705.2475 50192.1175
5897 6907 81278.1075 52022.3325
8285 5262 102173.0825 63110.8375
7795 5535 126799.7975 9176.225
9181 6769 75933.0875 50182.535
7518 2881 78590.1975 143725.375
8065 5389 163170.2175 104945.8475
7380 5619 170409.9375 186939.0625
6372 4236 69228.585 45744.7825
8713 5034 178164.4875 140997.1725
6471 4704 155966.06 42280.1
7277 5229 84924.845 39890.4275
7933 5242 70615.2375 68092.56
8033 6175 22566.0 96869.5475
8181 4456 133945.6275 127249.01
7907 4257 173136.9425 185413.6575
7844 4766 24357.2625 110156.93
8276 4212 69726.55 7926.6
8622 5203 125339.7375 177172.2825
8146 4193 138478.7725 119100.695
6790 5053 9758.325 90380.2325
6866 6160 21156.16 167006.705
8094 4147 13166.495 409.8975
7115 5317 146205.83 131042.515
8431 4368 128330.9625 128546.0825
9090 4896 33405.9725 28616.6875
6783 3498 70006.9575 119626.1925
8983 4658 9637.74 156571.5425
8996 5733 23603.675 168247.625
8432 5143 1526.005 110748.645
9152 3697 190463.225 102796.8675
9661 2971 3856.0775 27345.5575
8966 5853 23326.24 183793.9575
7115 6183 42772.475 24126.8
8290 3769 7823.5975 79625.7425
9325 5449 175266.7075 187435.535
8155 4994 18772.3225 158586.7825
9113 4173 198237.7275 144601.97
8016 5368 177454.255 141546.16
8434 4527 156327.2875 24721.74
8608 5748 14813.78 175740.075
8587 5449 62301.98 173590.095
6407 6252 78693.5775 76181.655
8556 3600 37733.6775 5036.9525
5401 5852 143619.4325 61850.0225
8319 4494 3995.6525 75995.475
7573 4503 112954.985 149298.215
8833 4051 150562.7775 141349.1475
9686 4845 108748.2225 187264.0775
8795 5471 163806.125 145551.8525
8816 4524 85815.7775 53800.9325
7868 5573 193707.6875 8354.43
7850 5566 137536.125 36564.225
6295 5904 169773.9775 154205.925
7610 6701 108643.695 197028.3525
7853 4376 44293.3075 109579.5775
8083 5142 145063.2425 88830.5625
7897 4979 75602.75 151980.1525
7627 5899 118280.12 147912.3725
8954 5953 180023.7375 41544.4125
9760 3142 134153.635 199527.55
7457 4463 106325.0225 19491.0375
8255 4560 19626.8675 1024.015
8893 4124 137036.1975 16515.1125
8320 4522 115119.485 58231.01
8392 5957 105725.575 162987.3575
8398 5063 143061.56 34032.7375
6897 4843 106313.8675 139745.2975
10632 4659 87584.0075 160213.12
9470 5324 128466.1475 153835.4125
6584 5165 124814.86 17542.36
9001 6121 53688.0475 45324.7075
6215 4966 171748.5475 16746.18
6723 6503 116957.44 107020.625
9096 5234 187103.7825 116516.9825
8835 5337 29216.16 78253.605
9015 4861 196996.4 166429.0125
6940 4167 83172.435 15604.9325
9001 4756 28560.1525 177526.9075
8721 4950 192138.42 32297.3675
7657 6339 109703.07 11159.635
7918 3993 148337.0675 19726.235
8258 4024 82983.9075 121762.8725
9254 4449 123900.49 59433.8175
7883 4817 85365.015 111231.3475
8829 4505 103244.3225 86785.195
7542 5124 60591.025 170064.9
7995 5235 144511.8325 91607.97
7911 3929 198294.815 60989.89
7457 4425 62651.215 80372.35
8371 6083 6764.69 101547.365
7861 4627 94429.9425 40474.3725
7715 5151 82995.0075 78652.205
8970 4266 130631.97 7630.92
7069 3757 25194.96 176917.7725
7125 6121 141404.685 161305.5975
8720 4821 163284.2575 96672.59
8747 3932 66235.6825 124603.245
8126 3948 74607.095 33149.1425
7692 4894 104708.6375 107323.75
8686 4981 16255.4225 60050.7075
8816 5369 17882.6575 161887.9475
8153 4637 19396.315 21637.77
8646 5577 193054.58 90028.125
7321 5013 157566.1625 123068.415
6844 4665 156271.2325 48037.085
6591 5734 95342.96 135577.24
8486 5477 55408.49 118864.47
8140 3735 146520.4175 4995.9325
7038 4909 41408.7075 22513.92
7538 4847 94906.49 151519.3325
9111 5146 46468.0725 164945.6375
6976 5278 92246.17 117969.84
7317 4685 88281.5825 2801.15
4234 3170 17964.245 69696.3425
7922 4970 59553.465 110294.9325
7182 4824 63934.275 104782.92
7482 3609 17662.3975 53448.595
8640 5680 166796.8475 22882.775
8305 4832 93775.6875 16649.015
7209 5568 152985.875 119074.47
8788 6319 125048.5725 168031.595
7973 6177 69349.7925 138161.4075
7580 5011 170390.72 56782.74
7633 4574 153137.99 61555.91
7491 4433 124686.8875 32862.6925
7973 5460 39421.7825 184721.3825
8859 6039 49216.8225 150354.2525
7590 5312 32843.9225 191212.9425
9031 5647 189196.0025 197614.705
8834 4164 165662.56 132908.1975
9670 5428 32019.2175 160762.21
8417 4835 117233.7675 132211.865
8256 4790 146166.6175 6519.8925
9707 5914 191627.74 126122.6325
7519 4266 6615.08 47535.315
8369 5020 84651.91 19505.9375
7210 4349 45270.555 150881.7175
7676 5351 148562.3075 7410.6675
9489 3796 82963.8725 81111.8625
7691 4417 155455.765 66253.9425
6811 5837 125682.67 116435.9175
7013 5979 93304.1175 112491.725
8892 3896 178514.0175 195293.1975
7638 5376 19576.6375 148976.8575
5775 4915 146964.025 150646.7525
8225 5423 3140.075 55297.5825
9203 5774 116505.89 2087.26
8056 4177 25308.105 40386.1825
7672 4197 112452.4825 11826.5225
7995 5599 110336.2775 14809.14
6488 4605 7923.075 191517.9475
10175 4856 23282.6275 187946.46
9833 5093 127752.1775 172654.13
6906 7114 36530.705 146458.82
5845 6445 3941.1875 182568.76
6351 5250 6147.9425 153296.7475
8973 3601 135402.215 165715.4325
6693 5173 109158.6175 116528.16
8779 6530 176248.8125 174128.3175
8806 4934 105113.595 161630.305
9060 4370 23281.8125 70727.9725
8473 5834 132128.1525 105600.2225
8162 4836 54901.805 108572.8425
7865 4857 73530.4025 14457.7525
7829 5502 10982.1475 78197.4075
8122 5705 190185.495 23154.1025
7511 4499 24867.83 24598.5125
9472 4369 18030.065 176715.9925
7512 5165 165264.605 191299.6775
7918 2445 15177.185 187886.585
8853 5922 191563.745 155331.0275
7186 4427 74173.6425 140605.2025
8299 5168 33655.6025 156762.0825
8289 6017 23241.3975 98333.4075
7630 5782 2420.45 30093.3675
8603 4527 123950.835 178164.085
6459 6056 58276.52 68385.285
7072 5215 136303.755 167206.8325
7633 5201 58023.045 139931.795
8500 6248 180108.785 39514.295
8094 3842 19805.7775 83393.2225
6498 3650 69127.6775 34547.3175
8880 5309 133802.35 72086.93
7104 5368 190494.4275 120087.1775
9585 5122 150445.155 15649.1175
7818 7084 20755.785 65961.7625
7952 5496 158343.625 139302.6675
7932 4576 92329.985 195154.1125
7621 6057 78617.0725 14762.545
8424 5840 117473.66 93811.27
7479 6092 118597.01 121266.1125
7876 4877 77882.56 165554.915
8358 5167 15339.31 119684.37
6946 4260 2742.0775 76087.295
8398 4620 103916.685 104994.9625
8913 5136 164885.4475 31714.69
8108 5369 62698.6075 167317.7325
9646 5716 163608.8625 66909.585
8769 4677 145540.9525 193568.96
9130 5699 106242.9125 35913.8975
9266 3721 79518.7475 7112.2875
6482 5254 156691.71 165774.2325
9091 3613 180631.1475 63059.28
6766 5506 164173.25 51215.1925
6240 4723 113935.705 64900.66
8414 5014 62639.525 117490.5425
7366 6580 99498.7325 41697.3875
8560 4626 135865.965 43419.6
8977 5548 101831.3425 15342.9875
7966 5217 166000.405 46704.3325
7329 5893 167175.05 197876.0225
7929 3830 145938.515 143382.66
8131 3437 84940.6425 124083.8525
8897 6351 93473.2475 119985.6225
7536 5718 103668.715 197940.3625
7276 4720 119646.4775 58470.7875
9933 5724 10660.78 105528.8725
10925 4609 39497.0775 3484.635
8301 4984 51133.3925 84615.7075
7446 6152 124133.4775 192182.1675
9988 4079 117595.74 17766.1075
7887 5522 176817.1925 38042.0275
7216 5512 57573.6175 182167.8775
8226 6302 99695.1725 160620.0175
6934 4797 63096.78 15076.06
8996 5152 111455.7725 31377.82
9224 4601 109495.215 125709.815
9047 4723 139781.2625 72624.92
7355 4962 46466.1975 129755.265
6339 4809 9629.9575 146093.155
6314 6211 117241.8825 93967.8975
7572 5149 79853.5675 103915.81
8035 4670 38337.1775 72305.7075
6915 5718 23476.1675 164178.77
9174 3057 162615.44 96389.785
8596 4972 141296.9475 152325.915
7224 4753 198717.2575 165776.8875
6936 4297 61799.7825 91435.445
7578 4114 83892.9875 53209.42
7900 5721 87513.3025 613.8075
7327 4956 142654.7775 94882.1825
6791 4972 157252.3025 197149.4025
8206 4067 156348.265 97328.0175
7928 6000 67948.655 157109.3525
7089 4623 190862.2775 124233.7325
7939 4230 146640.1875 195923.14
8174 5486 164373.4525 141365.325
7268 6692 24818.06 190107.6075
9537 5385 155250.3375 47348.6375
7523 5744 106963.02 47666.5175
5591 5687 27526.61 89101.195
9615 5718 35443.62 83967.2325
7410 4770 150067.4975 99654.52
7602 4723 35733.495 175781.595
7557 5860 174552.8375 129185.7725
6627 4005 68344.5575 50184.85
8242 5216 82394.4975 114536.2775
7791 5482 188766.2775 45521.955
9379 4742 71126.435 23260.555
7687 6244 81351.9675 127651.6775
9686 5560 194478.12 170627.09
6945 5375 7927.1425 36449.215
8917 4474 121348.6625 148963.565
8272 4059 3755.315 18546.055
8510 5085 4983.18 57535.34
7549 5301 109798.835 89915.5175
8840 4873 154986.9025 42268.7775
8421 5819 172201.855 19616.845
10102 5678 84094.54 79107.005
9005 4408 183990.45 192520.28
7061 5901 104211.49 4212.7
10204 3473 193036.0525 141908.865
7108 4960 27594.1025 31928.105
8641 5114 124139.7325 59823.2025
7376 4614 159492.8875 46801.185
6793 4025 14553.405 52984.695
9341 5599 2595.8825 190725.1025
8497 6650 177233.86 34713.185
7619 4834 64519.7575 9178.2175
6452 5049 87386.37 72626.875
8606 4063 31122.025 97043.6525
8517 6066 186351.81 188972.73
7150 4977 104996.555 95735.295
9805 4225 87829.6925 60843.4675
9140 6053 26334.545 131018.0225
9286 5519 75595.7675 10388.295
8801 4777 185378.025 69072.0375
7435 3964 147028.99 108298.73
7989 4330 87374.7475 88657.345
7665 5687 30703.95 174388.94
8582 3846 101192.785 24207.5875
8964 4450 51167.0025 85432.205
7945 4259 106221.73 113104.525
7609 4262 41571.5375 41336.9275
7468 5582 171936.735 181722.2025
8754 5134 175741.51 170203.95
7042 4813 193601.95 22128.34
7209 5995 134957.99 198918.795
8404 5513 153841.7325 25561.5825
9581 3971 151286.3325 58207.065
8299 4843 118610.7525 129753.33
7995 4407 145047.6475 178313.4425
8682 6155 58181.5225 117877.63
7078 4300 182931.49 87017.09
8753 4846 21674.515 97009.9175
7901 4145 146344.9725 7012.0525
7738 4454 56225.2825 149653.6
7679 3760 145561.965 123104.0075
8237 5265 199757.8175 63012.12
6297 5311 184681.46 125058.0825
7477 5844 69070.9125 191779.2
11124 5298 55956.6925 12782.835
7666 6497 103239.12 59734.24
7802 5056 91809.6525 101387.5125
9040 5238 61526.5125 73412.3225
7795 4421 182411.895 62396.1925
7635 5029 157085.2425 102256.7725
7502 4917 194136.2925 197799.3625
8332 5479 86014.3025 57762.0725
7572 5951 18885.755 143407.8225
7960 5971 92121.6475 164061.5025
8693 4708 171157.995 92028.095
7631 5374 166415.465 148325.0675
7732 4516 132235.4075 85553.8225
7446 5239 126850.23 114816.81
9093 6308 157412.5825 169269.5275
6371 3964 83154.295 48181.13
9458 5422 177187.2775 116523.5725
8405 5480 36383.7725 87557.03
8890 5648 160456.8375 30712.6825
7934 5501 6030.135 568.3575
9745 4788 179607.58 91265.815
8418 4948 18108.175 57299.0275
8412 5074 9932.7375 21165.015
8363 5046 43531.3675 166489.29
7411 5684 56620.9 11680.6475
7952 4226 157021.3 182287.9425
6610 5133 157753.14 145534.1125
9496 4282 93458.4875 47166.6675
6599 5719 96624.6125 121708.45
6714 3366 14604.2025 62631.19
7291 5596 30548.19 108176.0675
7340 6304 24938.12 94224.5925
8013 4503 10149.3025 15694.805
7633 6577 120206.9875 194686.555
10316 4581 73637.825 171918.185
9550 4481 31003.68 48694.5225
7690 5630 97174.5075 144561.65
6955 5050 159919.71 3773.015
9525 3616 74423.265 146525.0425
8816 4161 192365.9525 151192.0375
6514 6564 14346.0475 8057.445
7511 4924 45238.555 11340.9925
8861 5084 107919.69 36263.74
7018 5129 30058.6725 138592.24
7391 4989 55114.6225 118414.69
9486 4841 55785.82 148054.1825
7851 4413 20472.4 76117.34
6868 4734 87191.545 87860.5075
7879 4448 138524.8925 77277.2475
8016 4775 114706.845 58879.5725
7636 4798 440.655 8460.58
8577 5775 12734.3875 92092.42
7464 5959 86026.8775 7432.495
8615 5589 178617.0075 52144.415
7259 4353 7446.915 9782.32
8048 4701 176102.22 56865.08
10252 4243 93788.4775 102906.855
7961 4760 15077.6525 92819.415
8317 5336 5277.68 131258.7
8496 5520 37846.9425 46090.545
7323 4720 129305.6325 122844.2625
6528 5111 195677.3975 63565.47
8203 4568 30674.33 21954.3025
1200 197081.655 139681.635
969 131337.325 53650.8625
1039 161708.6625 139784.84
840 127871.6075 125427.9075
1214 27573.4175 8587.05
962 115188.81 130505.075
1134 16087.23 142317.0675
1023 178026.9675 10744.57
828 169394.33 23410.1725
959 31203.23 128805.835
1181 128104.675 170017.05
1177 102494.3125 48374.955
1196 7896.6925 47486.42
1496 19228.7675 54609.0475
1252 125285.86 185165.9675
1621 146529.265 32537.6
1176 198192.6875 91223.655
1029 175658.7175 79027.2925
1243 140953.525 60956.2025
795 72442.72 188100.725
847 184641.77 39715.095
809 153619.505 197171.265
1283 65098.5325 101233.7325
1282 104308.5425 185379.6725
1204 84692.3625 128525.08
1372 93855.5075 1913.95
800 159039.8575 51769.5775
980 52180.71 71004.06
1214 85487.8475 151547.55
1267 75798.2225 15150.7675
1105 22659.5225 38104.28
929 17253.1625 107608.11
1070 184924.8 151318.4875
1383 69825.195 102395.4125
1263 194332.59 150968.4175
1549 35884.1975 199741.9175
1324 47266.845 77957.31
1202 184999.0025 108933.79
1047 154514.0775 21312.17
1047 188019.68 115383.2675
1217 63947.5575 79407.7175
1445 167184.425 158199.1575
780 169517.3625 96024.9175
1263 139711.9875 100650.06
964 81370.7225 134336.7725
863 169733.1225 153463.2175
1235 80502.47 165675.2425
976 80798.38 181440.47
1058 48350.1575 96029.8125
1113 102667.875 108780.945
1133 165427.9375 33373.2425
1524 5266.1575 43681.2825
833 190105.5625 81263.4575
1279 178352.5825 2.36500000001
1257 160623.025 45848.22
1271 30950.66 185844.2375
1166 168725.9975 121052.77
1367 136502.185 15517.1775
850 21168.1925 96962.75
808 32353.4275 20706.51
1354 2972.4025 153870.8475
993 51944.6625 105447.2
1042 160508.94 60294.7775
852 69962.9625 21074.645
1119 133683.7575 152303.47
1012 188877.0375 181639.6125
1287 65056.8875 84171.5225
845 113452.8 36141.54
1123 56741.2425 11042.3775
911 186285.365 70181.875
1424 58145.535 132856.6425
1018 2126.6825 65498.2975
1169 24630.9175 193297.9125
744 54480.9075 188331.81
673 37831.6625 30645.8375
906 182775.1525 99906.295
1124 195570.1225 37031.6125
1004 40575.9675 136448.435
688 171738.01 79980.4875
761 22702.105 142668.3525
1347 33694.9975 27209.22
1581 50050.64 106059.29
1774 169506.4375 97537.9325
1080 96637.325 180257.57
1239 123524.965 141597.9125
741 177824.47 71860.0375
1032 10407.7675 25570.115
1160 52394.7075 19625.25
1429 125996.48 90321.15
947 21152.875 14307.775
995 131954.855 87793.095
1198 25473.2775 170763.13
959 19164.885 58183.7525
935 86541.1525 49666.8025
909 8650.925 18842.2075
1217 122693.9325 116592.3125
1248 42782.8825 31338.8225
1283 18989.0475 132663.78
1265 155192.8325 180611.3975
1334 174721.8525 6911.0125
1056 135673.8875 49060.6575
1343 2120.0975 121130.73
1054 42883.8025 49236.5625
1114 67198.0975 66144.895
918 181942.765 86488.1575
1503 56358.0425 9604.95
792 161844.01 178934.125
912 129472.9275 51196.9
1326 168093.0125 145970.105
933 144143.5025 143149.9425
1148 96722.68 151247.7825
1290 69971.5625 91836.3225
1032 70068.57 173463.1175
1318 166412.3775 162956.805
1046 116453.23 76684.515
1126 29628.4225 170117.7475
1424 2373.255 58610.615
548 79076.4475 17803.5975
1402 97460.88 30735.6625
878 33604.8875 124610.0325
1235 54166.9325 26793.62
1153 78303.6925 123150.98
1492 189131.21 145667.8475
1067 194805.2975 191768.32
922 184306.58 72996.51
1115 113478.0525 187329.815
1225 130413.6 169679.9675
1414 37013.2725 86258.2675
1033 126366.2975 95179.785
1361 108769.67 62284.16
1408 129701.71 128990.2825
1379 15723.3925 167989.575
1168 167140.065 197129.385
1718 61302.56 165076.515
1141 3003.16 160852.335
1210 833.28 93068.385
854 907.1425 258.4525
954 5070.945 158145.8225
1219 141046.53 164057.9425
1337 59423.59 94045.195
1236 194971.7525 149792.645
908 112691.0075 196670.98
1048 135133.76 184601.445
1068 54859.1875 150479.785
1286 171613.15 23433.745
1159 362.1225 182899.5675
1409 71227.5125 128377.225
1563 18382.8075 87310.215
1304 73560.6375 157096.81
1127 16061.635 46342.2875
1164 119509.7225 99233.18
1014 21491.395 156670.7475
1036 18261.6375 51877.42
1106 5682.92 165214.1175
1423 108534.2925 10170.33
949 157884.9275 92234.32
1188 28955.685 185253.355
1492 45204.5625 7142.3975
1064 56227.325 135915.1375
976 77879.3425 186006.7525
1458 49394.285 83409.5975
927 39528.02 8259.91
926 35493.715 68893.34
856 137639.785 142544.3875
925 30753.9725 180114.725
1137 14071.8725 112224.5525
1172 156101.8075 21943.1175
1477 97305.4325 67739.0025
764 146419.4925 56016.2775
914 81930.9 126051.665
1324 171403.58 74722.61
899 73809.425 186144.4175
1538 159214.54 6195.3975
1530 61993.7625 36596.8675
792 86398.45 35909.72
1116 191448.0225 174535.895
1107 119642.86 134817.3425
1566 31516.32 39868.9825
1167 80742.5625 57738.385
1468 193334.605 187770.0525
1452 100352.39 140484.8125
790 20969.3925 129764.2675
1309 90763.495 137814.8275
805 197364.5125 157086.79
1512 148774.95 6852.79
976 68312.92 94737.345
1030 187893.5475 119123.705
1185 27097.205 109983.29
898 65495.48 119817.5325
1079 164788.8825 33964.95
1232 101997.3 42474.0375
1088 44782.345 170081.01
912 25945.12 51962.58
1522 192708.3 11936.4275
1259 86714.2125 5376.045
1137 169210.3075 171853.85
997 42355.89 17727.915
1048 56527.395 465.0775
1141 32613.025 22911.15
1292 156100.835 144332.9925
1448 50736.01 44225.7125
1442 50204.1825 20136.795
1131 1589.3575 68559.37
708 52247.63 48902.7325
582 191381.66 153001.52
928 104500.9675 86095.685
1045 48242.03 62806.845
868 126649.4275 121571.895
998 95532.1425 29020.23
1112 175714.165 124267.1275
1188 78883.745 171519.0775
1377 1458.0925 178251.66
1174 133051.7125 35331.8675
1145 122600.92 40422.8575
1121 108884.4775 53296.925
1115 142602.52 14564.245
1064 77900.9925 180424.97
625 80275.8075 120168.9
850 190473.17 131858.3675
1145 1929.575 2648.55
1082 162344.245 114578.2775
1052 184619.2925 40152.7125
1061 99850.725 109132.985
1187 151800.475 46927.355
1141 4692.085 74822.9725
1371 15091.8725 194719.8775
1118 133603.3175 63303.4
893 142687.08 75632.2025
861 132441.0975 169362.3525
958 155321.2475 85670.3325
1550 163096.0925 186922.75
1053 74947.6875 149476.51
1139 59071.8975 104408.1575
1324 174912.9975 110994.4575
1195 63730.0675 168735.4575
1305 125297.4025 156371.4575
1189 138320.31 82308.49
1485 39636.9025 117451.835
1150 67577.7 55755.06
1028 41773.6025 196708.1075
879 197009.0325 147323.5675
1185 14331.7825 157566.4
1189 61687.175 74840.6975
744 92993.5475 147455.1975
763 459.965 61416.13
1291 87614.4975 85069.2975
764 89712.95 152430.63
1029 154931.62 17805.5075
1435 136135.0475 144881.2
929 55714.9475 79396.1875
1140 199344.365 53493.4
913 27534.235 26166.26
1348 46541.1 177981.915
1108 154996.0725 165224.8475
1166 78652.96 93459.065
1227 147543.015 170785.0325
935 116067.3025 40695.935
1384 55352.0125 179780.4975
1430 139487.395 14962.8075
998 21336.46 178807.525
1278 115154.715 105607.1225
1035 55670.79 107422.5575
972 179743.21 38843.1625
1083 118808.2725 70174.9575
1161 170788.4375 92497.7725
1156 139065.7 90718.81
903 55620.065 180307.115
1085 92319.1875 80833.8325
714 199518.77 130242.3125
1032 114311.8475 135790.4725
625 93013.8225 150820.685
1302 85493.83 172294.7675
1247 172681.9725 62014.675
1236 194217.6075 180979.885
1056 10525.1375 8918.4875
799 114852.175 2198.985
1258 69231.3475 27183.005
1503 112102.325 3287.83
1337 29282.0325 189456.2675
1173 168305.0075 8025.7425
1290 188502.39 57852.72
925 161286.455 195587.285
1800 10540.41 139899.2025
912 88678.3825 120118.82
1238 70149.4825 180687.6
820 104721.4225 181468.59
1178 37827.205 102270.675
943 60810.245 150167.1975
1271 192326.1275 5516.7075
1242 145679.845 175628.525
1100 85680.6425 83586.5025
1221 22692.7325 53601.2175
632 189921.1 118561.54
1056 40586.3025 172474.9925
1344 63866.6575 147566.625
653 152638.945 63998.4975
763 167323.905 64431.7975
671 22343.415 113552.25
1158 107753.555 24747.505
1165 167521.0225 161877.0975
931 54593.32 156197.3825
1467 160719.0025 84020.0
1449 156678.5125 7392.8775
931 122706.385 173135.12
979 185816.085 196324.7925
1119 180394.845 65166.06
987 74007.9075 62455.6075
1133 113883.2525 132820.1825
1423 51815.0575 86875.5675
1629 111841.7625 83718.69
874 159847.085 122006.075
1279 142531.125 23115.185
1494 49080.2225 124460.77
1013 193020.695 77190.51
1354 172667.5825 79844.9375
1039 97810.3025 56733.39
1071 29138.4375 47491.5775
927 116867.6225 79348.3425
1052 42332.74 75085.055
888 91024.445 157361.1725
1071 163965.8425 126917.69
1051 165692.645 34744.285
809 186324.2575 23349.6475
1399 91910.015 39664.52
1481 185538.4575 27997.93
1322 58671.905 20410.8775
1307 62441.635 88838.3775
1161 23354.7475 70529.445
1170 146345.5025 94194.475
1254 173352.4175 2660.8625
1113 34210.7325 12264.1025
1441 146871.345 106253.4925
739 102968.16 30698.945
1378 25771.565 149149.4175
1299 138314.1325 146945.8825
1779 134787.47 186235.32
1383 119481.645 122480.16
1108 19713.61 134988.0025
755 66213.69 142268.38
1238 56806.14 93620.11
1055 49331.46 49002.2225
1208 17330.93 409.2
1017 113536.3875 173247.2925
1079 178792.0125 71520.1575
760 66477.8275 135041.67
944 99527.8625 143981.1075
1235 117919.0875 198130.84
1226 69010.2725 44582.2075
1039 86835.4025 132700.2425
1124 89159.9525 63855.185
1042 88202.765 100672.365
979 103210.7375 62959.2
991 95945.65 42722.9625
1187 96762.7775 49287.935
997 106381.525 126348.5625
1304 10363.665 43682.5925
818 119544.145 9600.3675
842 189609.8775 56288.455
1267 73132.5025 34946.66
1125 112331.12 11239.965
914 5641.5125 154136.12
701 122525.07 82910.045
1377 118127.8825 97095.91
1361 131553.2 20712.2575
1189 107971.4875 45910.235
999 192473.9 121579.205
1057 102817.8825 127046.0975
1410 1416.365 154570.6925
1099 53293.935 63711.0175
703 129707.345 129965.9575
1143 183176.8425 169766.04
1081 106884.875 125816.9275
1375 6995.6725 184158.125
913 60823.1075 107600.52
1258 86445.14 166349.2375
1092 7586.11 191128.8225
1176 54840.56 145593.58
1128 62182.1625 70008.395
1523 93142.2 67109.1525
1229 136230.4925 103379.5175
1288 9896.5775 161112.68
1201 35745.6125 74639.4375
1186 91277.56 2133.8425
886 111449.5575 93585.595
1002 118759.745 110627.925
1112 138383.3575 42364.8725
1246 9112.72 164936.57
940 28355.8875 121655.8325
978 104386.2025 134021.2575
1076 149177.58 37737.04
985 146243.38 9057.79
868 878.1825 127347.3725
1278 10173.13 16545.895
1238 18533.495 24890.955
1154 188242.2025 167884.3275
1321 33952.025 59558.7125
1512 185377.6675 188836.4175
709 6045.205 57244.5225
1291 166093.9625 185583.6025
1057 154784.35 148735.5525
836 52279.2375 159538.605
1274 22825.0925 171572.3225
1045 93311.4825 186226.83
978 194615.8225 34465.0325
1049 106117.975 100789.6
1527 89167.575 64617.97
1245 110766.545 22783.075
935 43055.46 37814.495
994 13527.4625 11988.9
1088 95065.03 12839.53
1136 47010.125 157372.2775
944 128206.16 74405.6375
1301 161584.0825 170617.2075
1345 137934.8825 152851.34
1078 167395.325 35408.8925
644 147931.9475 119830.4425
697 181019.49 19272.7375
1110 53750.75 51861.1825
1023 28474.1275 111398.745
1062 141920.96 13107.325
985 55840.07 176942.835
1047 49819.21 71572.875
464 59758.63 183524.8525
1292 70374.2175 191200.91
1210 57668.7175 155472.2
1088 75457.9675 51771.8375
1120 11271.13 164212.5975
1242 86322.02 64011.0175
1237 116563.9775 184278.8875
1056 84020.76 146546.6125
952 124109.7325 112956.635
1196 92621.5475 141079.0625
1541 64980.6675 65897.1625
1079 47611.2875 133854.175
885 192649.895 47588.0725
1065 3071.26 9965.59
884 146189.7275 153200.805
1096 18204.61 76520.71
1068 102338.8775 16533.0425
957 168209.4975 52854.34
956 87816.9775 124692.71
1306 63200.51 10361.7575
1410 77185.22 179126.29
1286 26378.64 129945.7275
1172 57741.3575 86077.1425
927 9871.9625 187258.215
1205 112589.3425 9008.6725
1043 92339.3475 81216.1375
1135 64099.0075 191826.64
931 24243.07 2641.1825
1298 11309.945 54442.49
1159 197906.0825 108433.4675
923 104400.9475 74556.265
971 159952.9725 79206.2
951 180333.4475 14221.325
1008 120241.5 7859.74
756 162273.3975 59554.115
1227 41906.7725 172065.01
924 84943.71 10944.955
1313 168280.3025 122770.4925
979 13979.5375 70124.73
1264 4320.685 78187.79
1077 9122.3925 165101.6
1315 196301.3925 56403.465
1160 72774.5875 89540.01
1188 18208.135 90795.92
1439 178920.355 126136.8425
1029 179098.385 75549.7575
1024 39594.05 98960.0575
1216 160380.4175 32012.0625
1371 173548.5 36302.46
941 95495.345 190490.7525
1131 193487.22 55929.33
936 97018.8775 85746.395
1527 179765.6825 2964.4325
900 146522.21 60403.1075
916 61630.52 145318.57
1275 51045.1325 117382.2175
784 140938.9675 142642.4225
1047 126044.8775 51789.9225
1325 116542.6525 135102.9525
1026 82115.6825 165297.11
1077 4535.37 86160.9675
1396 13911.5325 129107.42
1285 31511.0325 86125.8625
1308 122972.145 167450.175
1536 56576.115 7961.2075
1062 95697.2325 185835.2575
838 72530.445 119255.96
1552 81144.105 89130.71
1395 56110.2975 196785.5625
1550 130130.3175 142590.3775
1332 127862.6275 54888.34
774 133663.42 191689.2175
1234 169674.1425 183232.735
1410 65249.9275 150707.075
1200 122571.28 53699.3075
1413 115993.83 178526.635
792 149850.1475 161458.5425
717 154953.4825 36210.015
1244 87513.22 143188.5225
784 198704.195 37906.2625
969 73001.4525 188908.4875
1137 122640.3625 175587.895
1398 79145.4725 145345.0
1285 112426.4975 163853.68
1154 55867.7175 52054.105
1045 70013.9875 154481.0175
1250 5441.935 105969.885
791 57423.6725 199158.59
1111 186397.2425 161241.38
798 48475.82 69375.96
1194 50797.6275 21391.915
1341 190566.7825 181109.29
1305 40338.7675 128029.4925
1138 18673.515 65530.4225
1150 102064.69 198722.8725
863 7353.9275 159475.2
1569 870.7525 122376.98
1117 112580.775 195718.5475
1316 86230.2225 23218.055
937 192593.25 95064.1025
1065 157023.0975 94020.8225
1260 51552.1825 63052.91
1087 137892.5275 125509.9625
1220 71475.085 175755.135
1022 169094.3425 38010.12
1230 11915.5925 178166.1375
963 28451.86 47014.375
1076 122280.6575 172788.7175
921 54049.39 60304.4125
1066 75788.83 82410.3625
1155 2333.5225 94331.595
1548 81785.3825 33725.6325
1108 116538.175 115566.5225
1512 16366.67 180433.01
1212 24407.0175 132396.96
1528 39853.565 148043.7775
604 185112.6 47869.47
1413 160118.2575 2577.6975
1079 186906.72 5923.3325
1025 144843.7825 22985.6525
990 194115.6075 153443.79
1394 55662.45 26070.565
1224 182704.135 106628.6875
1580 14623.6525 73180.88
859 81988.2525 3212.2275
989 128030.3875 173635.715
1140 162974.0375 188028.53
510 74604.68 111216.355
780 45473.8 111707.8
1017 68556.25 45957.005
1005 101101.8525 161904.56
1053 106814.5625 176873.505
1324 118181.3075 75004.89
1038 146626.255 56448.335
1120 127143.515 6855.7525
1520 28441.96 38895.8625
965 188694.1125 36183.155
1223 17607.5075 147293.8875
1068 73488.69 176301.4525
1052 134857.8925 63983.4125
825 87547.52 45841.615
692 159140.545 120903.28
1592 147317.235 88583.44
835 38421.02 158987.2525
1124 16542.8675 36052.65
1194 172639.63 10146.4125
977 28762.05 40317.53
1254 60740.2825 14063.0825
1383 65287.535 49734.7625
1108 114563.2975 9751.3875
1061 169352.155 169975.0675
1387 160220.8225 193921.645
1052 196349.1825 44178.97
757 81493.05 126991.9025
1388 93575.53 181214.59
1260 186474.495 163049.1175
1255 12552.27 149535.4925
968 105311.3475 160177.6975
941 13664.355 157402.08
1199 142259.5225 162192.0425
1125 106161.3775 115475.8325
921 112296.0125 25319.8725
695 182105.69 191185.715
1519 154239.0875 8542.155
1192 70078.365 148186.0075
1468 98424.66 113175.89
1286 40765.795 187694.955
1032 72982.405 153402.64
1125 111544.8125 919.9975
844 114584.035 179562.4875
970 137362.9725 97431.78
1158 135039.74 188236.8775
1127 184234.6625 174006.545
854 19150.9925 91206.8475
1290 56417.5575 68854.2925
1230 118917.4675 36926.5225
1519 172503.73 75229.1875
953 74597.5175 73175.1875
679 189935.9325 8624.87
1169 72750.0125 181622.68
1275 45002.8775 179125.305
1394 100003.385 68161.4075
1151 3017.6 152432.335
952 168514.9125 69659.7275
951 192523.2475 53157.16
1151 103951.74 126318.3675
1041 164787.015 17434.8625
824 69386.585 157465.3275
1387 46176.855 142742.53
1387 117108.68 113861.45
1089 133813.9225 82586.7575
717 71884.815 1109.4175
1177 11731.845 124080.475
1268 192343.265 55215.3125
1293 26970.8575 166999.76
739 134355.18 114999.3775
1077 179372.315 35034.415
960 121090.675 23634.815
949 179944.645 174712.9675
1461 66661.46 7975.7075
740 166449.6425 140732.0525
928 116924.29 116186.34
1199 168615.9825 117287.5975
1139 71434.395 55759.35
980 41900.0925 166271.285
1102 168206.45 147627.305
809 42015.69 22154.3975
1149 119305.925 39829.6025
1144 165732.9625 5387.455
1393 118207.375 123759.81
1450 38425.7875 60489.3
1166 57260.87 175648.9675
1379 87457.8325 91975.26
1384 112534.725 164749.9175
1206 33117.175 78092.53
1429 85564.3325 120732.3025
910 127789.1625 138012.52
1440 173341.88 50671.125
1325 10481.8725 5755.745
1292 193854.2075 97644.7475
770 164173.4525 187890.575
1137 126749.5025 25083.2925
1205 173728.02 183360.8875
629 146555.7575 185597.8025
1339 78091.3225 178798.8875
1235 21147.2075 111385.56
984 184302.7175 28930.095
794 177660.125 115956.25
1639 176621.5925 42366.435
1413 127008.66 58482.43
869 24295.265 56679.8675
1105 143368.485 193017.3075
1096 69244.885 140869.3975
1257 140469.635 129518.52
1213 32272.9225 175322.1475
728 190952.2225 35445.235
1092 140163.015 114733.1575
1403 107489.0375 14964.0525
1141 154419.9925 40577.07
1557 122658.6725 74446.815
1244 126790.005 100573.6125
878 52075.7225 68716.3625
1234 122839.89 168196.98
795 162880.14 102896.1025
993 57678.6775 160573.8625
1280 17119.595 122688.1575
1087 77190.1575 152076.8175
1275 190985.2825 6528.445
1144 34402.9675 5559.3675
1023 169280.7525 119765.41
824 95621.2975 34817.56
552 61062.5575 87014.615
1432 13454.1 191792.87
1131 97498.1725 66198.465
1293 45788.845 2634.6275
623 114878.63 22474.3575
1369 20950.17 15763.3875
1219 147251.12 148071.94
1532 133783.465 83727.8
715 98297.1175 169045.25
902 75907.2425 124358.3025
1345 50129.7325 175285.895
1004 20730.015 74810.06
1122 131903.84 164463.675
1171 52124.735 177074.3525
1249 97666.27 57382.4325
907 142414.075 43888.745
1250 74905.4175 19391.61
902 143980.785 108094.3975
1034 116616.1125 65568.25
1232 22428.6625 111133.475
814 41358.91 163950.315
1158 153338.8975 82258.9775
1209 57582.6 98381.1675
1233 140907.6025 154981.23
1054 152871.1775 1187.41
1233 155085.53 142552.435
831 162299.195 16021.445
629 80386.9125 164785.4325
1216 117035.2 164871.5575
1322 195373.1025 129781.9475
1267 7607.4725 142111.465
1167 117932.4925 127786.4625
1055 16162.0 184898.095
1140 58978.235 141396.6575
1484 130474.975 45652.2075
929 47727.6825 160184.295
971 5588.6325 33147.4825
1072 152820.5075 76187.14
1159 35678.285 21146.7675
1086 56723.3825 154562.195
1379 44810.44 115546.3825
1220 174955.7 23986.18
1101 104536.2575 146397.53
559 168673.015 16113.62
1188 115339.565 94601.0525
1173 143889.395 105283.0775
930 137058.475 108226.3125
726 164062.715 146156.4725
1283 71903.2625 197996.8725
1167 183916.6075 118643.3275
682 75266.88 38961.1375
897 96342.905 75035.9275
1185 9358.9975 47921.505
1073 128515.08 173611.715
946 32451.37 50642.46
1138 106705.0475 43945.37
980 59426.1075 60986.0475
887 142944.835 177494.2975
1085 162218.8825 17037.945
634 60244.4775 121274.62
1106 110560.13 18930.88
965 123146.7675 130456.5775
1054 36930.4025 122765.6125
1350 91559.9 24246.695
1209 174994.57 127426.585
1158 114891.0625 63323.2525
1038 54480.1075 99573.8375
1068 62676.73 31753.135
1192 69055.125 124431.2575
1403 22246.775 183303.3825
900 184157.9775 88306.125
1493 68963.6725 46552.52
1049 198575.375 175171.125
1092 4330.09 95491.47
1411 137139.3525 78568.495
1160 115035.5425 139914.9525
1183 173354.02 57477.76
1030 60377.305 65015.05
768 90903.4525 170817.3225
847 27653.045 105290.81
869 196089.04 41919.1075
1278 110206.68 118732.1075
1043 117330.6175 41956.9525
1392 139431.0775 137408.6725
1261 171811.135 98647.465
1056 113824.6725 197738.0625
1426 59757.2275 50363.485
927 168907.5 91025.4825
785 180337.285 39862.3325
1136 169864.6275 154040.5325
1450 96558.7825 148908.055
690 45560.2925 179174.615
1183 54633.43 108290.4925
588 166333.1625 99679.3375
1345 169632.7425 1311.0875
786 48695.555 30952.5775
1064 35285.7125 90342.2425
1318 180614.7775 111750.8175
1234 167304.77 185661.44
715 86607.2675 4287.3025
956 184893.1475 119496.005
1222 112302.0125 160214.515
1264 192113.4 38253.335
945 100999.69 117266.015
1237 90088.0375 105617.555
1395 14266.69 45623.2475
639 78433.375 111384.19
977 59241.9625 65994.2925
1075 54494.485 123687.9575
1197 66549.505 28624.275
1215 122399.4775 17444.705
1177 81854.4275 177229.8375
1116 28774.865 57844.7125
1080 118885.36 149578.06
951 89717.6025 79613.02
1137 114955.38 23110.945
1138 44556.5225 22946.595
803 75984.9575 112332.42
1027 117419.535 69832.4775
1004 141593.2425 3036.9625
1349 13267.835 92053.51
1008 49987.3525 160959.455
1179 66439.2525 183916.855
1041 50481.5575 176374.7425
1124 94471.3 56053.875
671 157123.5675 158922.6275
1143 37970.7725 51733.055
1342 87065.82 3837.35
939 127533.6225 45934.3925
1023 103063.585 193494.6725
811 35542.24 127015.4925
937 151708.575 169944.2025
815 36175.14 74276.96
1347 168201.6625 179274.6175
974 88344.7525 61323.7125
1023 101440.4775 171824.0
1195 184371.7925 148097.9975
803 51680.7775 112270.915
1153 29603.53 184362.775
1134 30093.3925 170027.805
1193 41829.16 36204.965
914 194597.435 135629.15
1321 81915.8325 122092.855
843 24330.8975 68724.875
808 67753.1025 87119.925
1350 42206.7725 67115.42
633 122923.96 109562.5775
913 40451.0125 2738.91
735 143432.44 109455.975
963 47190.21 137105.945
856 139388.3325 114168.7625
823 38844.5575 185036.9725
951 56010.1125 91607.8175
1116 80979.2075 173929.3875
1081 118771.41 112530.665
1165 8894.47 121323.1575
1319 47544.1 34574.11
1001 7901.2625 33049.605
1020 23257.775 46382.83
968 20816.8975 31606.2525
1072 345.505 82906.1925
1611 63547.9225 30024.98
1210 138934.8825 179573.075
1145 39421.8525 82901.99
1199 51702.3025 95525.445
875 22071.84 12770.0075
1260 188693.395 97103.4225
629 780.4775 33394.635
905 146324.835 89622.69
1123 47066.6375 38347.6325
1242 19385.095 37091.49
1463 45124.1125 89906.725
1152 113344.325 149207.025
1086 73385.215 176428.835
1072 114604.7175 89880.8575
964 152875.8975 68480.1625
1106 61566.9475 116685.91
1164 177902.1925 160048.35
1003 100024.0475 154969.785
1000 177486.2525 1154.045
1047 13592.0875 97763.0075
1264 89007.6325 164218.8025
1056 38050.06 24590.495
1004 78258.56 194656.7525
1432 140757.3225 10815.4125
1457 77046.39 30775.4125
1293 198706.7 190619.805
1105 149598.315 84612.265
921 26300.95 150601.5125
1100 1803.45 192651.595
1296 139635.865 139436.655
912 147676.0625 188243.445
850 67865.635 57193.88
547 127091.8275 29792.135
1233 142380.815 17384.4275
1282 14644.3775 184438.91
1293 165359.915 170250.62
1061 157050.8275 134750.01
1414 107300.53 16181.78
832 180395.885 8728.16
1137 55690.53 171407.87
1091 65384.465 94508.6425
1276 94691.27 176318.5725
665 100366.4025 99613.4575
1245 86512.18 53157.3725
1322 102273.125 174193.7275
1217 136305.4125 78441.1075
1311 48802.63 50542.94
1088 57128.685 5871.985
1031 172815.985 84313.1725
1531 100631.145 86429.9625
1332 143598.385 56246.3475
1282 156220.825 112729.9275
1255 860.505 82313.39
1316 96474.92 57029.9975
775 103291.6925 120601.6225
1205 96308.66 189257.78
1268 153966.105 71081.005
860 91016.16 92233.435
1388 39315.37 191168.1425
1015 113815.13 9257.325
856 36493.325 111777.835
1044 19299.405 73869.8525
1142 150716.5975 13332.3275
1410 78637.215 177245.86
1359 107776.745 132379.22
1081 176438.315 78269.95
1065 7933.435 145149.1975
1260 122366.0975 125009.725
1474 151057.905 51964.7825
1048 25480.3525 45183.95
1381 105248.9825 153761.895
1116 79058.9925 198572.8625
855 171657.545 103856.26
1060 156705.4125 7101.2675
1267 9965.5425 153388.0775
882 157427.005 120342.25
999 29933.365 50394.8325
1423 161098.12 143644.69
886 144363.29 19970.4475
861 3046.51 58102.3075
797 91975.265 197543.1225
800 73354.37 28871.35
956 116706.6075 125581.2225
733 149236.8525 75827.8975
986 47773.1075 132666.8675
1343 63273.1075 165731.4325
1162 131481.9975 153268.8225
888 140199.4875 17272.9175
992 9464.7875 150784.2475
885 42608.15 87961.875
1336 106779.835 162401.1075
1296 55235.92 51756.7875
1147 42531.33 129949.565
1089 10854.675 36692.4975
1013 175086.705 162809.06
1417 46805.6075 197366.21
943 103392.79 41147.6375
1242 40531.5875 3511.8025
1617 33371.2225 140774.1775
1324 122145.21 164927.08
941 170749.2725 118657.565
1050 26303.225 3823.2475
815 189416.9725 8080.08
986 114224.5075 77869.825
912 45503.075 122392.6475
1257 34163.6475 119904.8925
1203 140576.65 194205.91
1086 41866.0 90283.8975
984 85101.295 195432.6275
1166 54006.115 39797.0
697 35592.16 50744.925
1087 178935.7075 180128.2825
550 51153.3975 39256.5225
1277 97873.0875 187283.1075
1174 165226.28 14280.825
999 177409.45 126579.2375
811 145522.64 135057.555
1403 83594.905 10020.195
1098 9675.91 97717.5925
1290 119278.0075 99980.2225
759 141337.4825 143866.38
1169 183979.9475 19088.285
903 85944.99 188709.405
1176 17286.52 134036.22
1052 1229.505 121211.9425
1652 143099.7975 119997.995
1393 53046.66 92609.8825
1323 70097.0075 75123.2475
911 178838.2475 15422.5425
1127 65155.99 114519.225
1340 123148.94 74676.005
1444 113303.5325 178639.9275
1247 113916.29 8809.6775
1321 54987.2675 184193.915
897 181573.05 111201.955
1386 8033.27 83346.995
1035 20808.3325 107684.2075
1158 24857.2525 3367.6875
1196 120998.09 74549.27
1092 135862.525 186213.555
1199 150849.115 65240.2725
934 29110.76 109808.28
969 71033.5225 31635.6925
1739 2334.5525 64045.9875
893 130032.5 14573.5325
1218 24428.495 3010.715
1063 117957.5225 47208.48
1002 167841.7375 55381.1075
727 188443.3025 97930.61
1289 40512.5125 60553.37
857 35667.5525 60761.0925
932 131337.495 27778.94
1532 196428.625 106263.805
1415 45627.7575 7016.985
1294 23721.115 126094.27
1264 148507.29 195679.7025
1258 28427.21 156158.3725
1156 99111.1275 194380.58
1202 133136.745 193071.115
971 13536.62 164755.2975
1233 115550.3125 143909.1775
1042 129992.8025 52569.4575
1314 91475.0275 89829.085
802 59105.265 156612.5025
1345 129103.0775 178421.2775
1022 60074.84 107769.195
1168 179381.5775 86295.76
1021 141861.725 52827.6975
433 93670.5225 64853.015
1164 95443.505 131538.8925
832 117889.14 53807.3225
1054 173364.78 13123.5425
1140 59433.025 166573.0075
1284 53132.095 173455.6925
979 82942.5725 185746.99
770 152920.33 45983.82
1164 11681.93 146662.395
1197 150810.87 30232.1725
844 188981.615 11372.4225
1078 188886.155 67355.9075
1267 110488.535 109992.3575
953 148170.2925 158482.2725
1417 157997.2075 32800.7225
879 74103.155 74654.2275
916 123348.26 10330.5975
1243 194207.7775 176679.215
981 116078.4075 81242.0275
769 44996.35 125326.715
1201 3804.725 141541.0125
1247 125732.8675 166654.415
1040 113153.0825 152959.9975
1174 174787.8 107543.4375
1228 11195.35 166127.8625
1335 136162.0625 139135.74
621 3244.525 38715.4925
1569 191744.6075 154717.0475
1115 12341.915 35939.69
934 22942.145 146900.3225
1330 113400.7575 189297.735
1100 97085.9075 125833.17
1220 12631.0 100649.3925
956 9184.69 76707.6675
1141 127344.0 118926.3025
1149 183176.045 63173.0225
1335 72357.3875 6246.15
762 103988.5625 122836.4725
1100 150936.5925 19893.9775
1104 12006.155 50869.945
1190 92135.8925 25860.425
602 105822.4975 142927.88
1035 177784.835 115218.8975
1402 69405.7425 36486.7175
1441 60201.3775 12522.035
942 20647.44 25343.225
935 74459.15 18893.6425
923 12538.1825 144030.4025
1237 70638.825 111936.16
1440 160280.365 165896.1325
1525 96967.0725 142922.8325
1114 106113.98 113443.34
1349 108675.17 35056.1825
1409 87992.2975 27155.8225
864 123524.1075 46260.69
824 51644.6725 10239.065
927 130795.5575 3615.84
1239 79695.215 30154.3925
1248 105369.79 64308.5525
1156 107249.84 196120.8025
1299 195889.0825 117496.1525
1355 59430.3775 110035.6225
1547 99409.785 10608.12
1175 105899.1825 194523.65
1312 159067.89 20193.66
1168 114692.005 178454.4125
934 199602.87 45648.535
1471 131952.4375 57834.31
1157 156341.3175 189314.865
1504 64753.2775 46652.025
947 74500.7825 190012.975
826 77384.3925 101809.68
791 87171.6625 108164.785
922 23349.495 164333.0775
1247 163984.3875 145759.14
974 157946.94 51476.94
1564 182798.19 192462.8825
1254 191897.1575 84304.39
1031 199133.6625 42205.0925
1072 128017.0225 11584.71
1160 52511.4375 85131.655
1009 107043.725 48653.1425
1068 46067.4675 185119.01
1311 11603.54 15898.8125
1290 109756.985 59806.9625
1322 18015.6175 31884.9575
522 80154.8625 194446.5125
1166 76296.5925 27083.425
1140 70384.2125 181171.265
1225 123856.4575 199608.6525
760 197276.0275 37266.5825
1046 106808.2425 53178.0075
1180 195519.86 180719.905
1120 67264.9 34998.25
1110 100734.0225 188050.235
1095 131563.745 195024.3825
972 63478.6275 115580.9
1220 124409.7275 143533.2875
1297 14345.03 137335.1775
963 15723.3225 20212.6475
1060 143577.1775 171715.39
1752 65921.5225 182728.425
915 67718.505 35624.2225
1707 130365.3175 36687.1825
1411 192881.445 133097.8775
1225 33888.3025 168428.9225
785 81532.63 162318.475
1310 137578.9475 1031.73
1341 77703.1725 123865.14
1310 72606.805 9349.0025
1257 196979.9475 93136.3925
925 151035.71 147976.3875
1198 133858.4625 153081.3175
1100 117636.055 197303.4025
1191 195507.7925 45655.795
1285 128056.15 139510.535
1171 184971.21 86448.83
1079 195545.11 185899.225
1394 29893.7875 71498.785
1140 128360.685 148475.675
909 163848.52 38378.46
1096 2597.0675 103435.685
1265 93105.515 31507.66
943 168339.095 98174.9825
754 7331.4475 132428.265
1141 42480.9125 126908.4475
1063 65918.5925 162904.24
1007 39040.9575 70249.605
1359 107235.2575 140990.5075
1043 172164.0625 27881.5325
1018 134835.8375 169729.6275
1150 183097.9775 6305.195
896 95633.1675 27496.045
873 23334.5775 190392.075
1118 144730.875 12662.96
1106 152327.0525 31184.7775
1427 26804.5175 22130.7775
923 133470.9575 174992.74
1113 108347.7625 35553.9775
704 186222.965 60831.41
1036 60756.685 80775.045
905 145848.5025 56413.3875
1175 165790.2 176807.7025
1430 30139.61 110770.7525
994 45242.095 4491.39
1021 6135.715 136708.2325
656 192265.2475 16692.3525
1273 84338.09 122102.5875
1298 68268.205 156199.87
1023 136360.05 14060.78
1453 37701.005 133420.5875
760 123740.385 99279.1325
1126 58101.675 96645.6675
1265 162766.17 48448.8075
1321 39771.4525 19449.19
939 109377.595 139622.89
1319 96218.125 112139.3175
772 17267.695 12327.5375
1056 9105.85 107458.455
531 93353.9425 156390.555
1420 38885.1375 119649.725
1018 188514.2875 189128.3875
1137 145843.3375 46191.97
854 66270.6025 71987.3525
1099 62813.5675 146993.07
925 1950.7225 107532.1375
1366 170501.255 144298.4275
555 8228.88 137847.62
1436 184906.1575 34591.8875
1443 23282.905 108889.7675
1254 61967.905 173913.0525
861 121480.19 68761.14
1303 77108.85 68184.8425
937 192998.6125 63385.78
1621 137755.7825 83556.3425
975 179533.9975 90433.97
1238 167973.54 44417.2725
1330 135807.9025 2996.7925
1116 119346.1925 117941.0775
1158 130687.64 88537.37
1025 57314.25 41411.4
959 87369.72 70610.8675
1160 84952.87 119665.24
840 76515.7375 15623.0425
1353 167221.0425 95621.1225
1429 185740.1225 39707.34
1216 153049.2 107778.4075
1014 191490.9475 98932.045
874 61669.095 92207.46
1030 56652.45 143797.755
1394 162490.9975 161296.12
1243 24934.975 61895.5575
1133 156218.465 191081.795
1134 53140.6825 47052.1725
1464 58052.9675 58818.52
1372 144917.3975 124073.28
1614 59197.4975 861.7025
1257 63339.16 22851.8475
972 75521.8475 86464.865
1205 144983.155 132417.115
996 132213.57 41074.2875
752 99354.2625 109638.245
972 105655.4975 113523.935
1258 172084.0675 47992.24
1021 159017.9425 25741.85
772 28135.25 122299.3425
932 192493.8175 69316.5525
848 64116.9975 73909.2775
1158 148965.075 15836.0475
1179 156956.8225 4683.3225
1197 172781.825 92377.055
1013 95968.0 178400.9625
1223 180972.545 183297.66
857 113537.24 196764.7225
1191 69376.505 137114.0625
1520 51647.1775 189668.64
1261 156233.82 43688.1475
1016 67549.2025 67610.3625
1697 196202.9575 185264.4775
1014 32218.51 199333.61
1059 16132.6325 95734.8525
1000 174712.3725 13353.345
1243 172983.3175 31170.4775
950 182455.26 9931.77
784 124196.525 62037.8725
837 16282.445 93747.125
1325 172651.9275 161849.5225
1295 102047.7225 152962.22
989 15345.3975 179502.1875
1146 25036.085 61151.45
1008 59282.9275 29564.5925
952 78429.0025 37999.42
1122 166451.03 148391.38
1078 110229.3075 33174.4125
1082 86323.6575 164595.79
1036 188340.635 170809.95
1046 40371.245 92904.3075
878 167100.8575 103808.4775
848 78612.66 22856.5725
848 181678.965 186123.9925
1059 122103.9775 22106.03
1195 65612.7525 197636.2225
999 17599.35 43361.68
1175 146838.53 196748.8475
690 89546.3725 1635.97
1159 14283.97 132107.6675
1256 88763.2725 190759.295
1010 12398.83 193636.17
769 90098.285 178734.9025
1144 25730.615 38908.275
785 52367.9225 93120.715
846 176708.4825 96696.985
689 24503.02 95074.895
1167 54518.825 76992.5425
1344 105543.085 122136.6825
1318 63580.2325 38389.51
1367 73313.5925 72103.28
853 124851.86 134270.41
690 34791.3375 80147.2925
1198 133759.6975 145664.4875
852 163449.4675 189666.7625
873 83071.86 60319.26
1512 168631.6975 29530.85
946 171766.7775 8896.6925
1118 101765.7425 45248.4
1121 52004.325 19083.59
1113 170626.75 146902.9325
1268 82697.2525 27617.5125
1166 48271.9575 60134.3725
1189 89575.475 49129.26
1507 195599.5925 68976.6425
1306 197182.1825 166535.28
971 50720.5325 20860.3825
1186 10384.89 70625.5725
864 85924.125 95758.1175
1070 97375.35 133980.02
1002 47931.9275 104939.4075
1016 134826.1125 198108.945
893 8010.2875 71064.0975
1119 191026.97 116295.87
1012 164847.6425 123930.63
967 190779.5575 75138.2375
1062 51978.38 69239.365
1337 24450.145 97842.25
1144 137150.4575 131442.585
926 124875.0075 5307.59
1203 57899.4225 24658.1375
1353 49748.9375 21250.0225
1172 166834.8725 77211.2575
1178 174882.125 191790.425
887 145654.6375 167953.995
931 123059.6825 77858.245
1023 1236.8275 105404.6675
1119 69641.685 145219.52
1076 101297.36 58653.7975
1347 173668.685 68215.4175
1381 53932.0625 56445.51
929 174919.5125 6882.9375
928 71013.9725 101662.6875
1303 21809.2 125228.0825
1027 149377.44 150600.37
1254 144100.5425 181494.095
1435 172188.7375 96380.0025
910 41120.7725 187558.5375
1154 32474.935 166338.5075
1433 121769.68 181218.6925
505 57501.27 54686.685
836 110907.82 129615.9625
716 168642.4925 149078.3775
1299 74588.8625 152338.71
1170 41261.9925 117548.79
1377 136074.88 166096.0575
765 147135.1675 135210.645
651 191496.39 166637.49
1121 74712.6075 71184.6625
1117 7637.6175 25933.805
1084 48345.225 126374.4075
1114 83506.2 141273.73
1142 178658.6925 194608.0025
1189 154977.73 65268.545
1214 22295.7225 49651.0475
1008 151140.5975 5889.25
1123 50392.025 66483.945
1394 66042.8775 71014.8125
1231 142852.9175 30073.22
1212 184229.84 37323.3925
1629 56767.35 23748.755
1197 181797.92 191697.5925
825 120743.195 70750.9525
1023 93118.2275 19742.775
1088 37726.525 1226.1325
1096 34477.6775 17818.1425
1257 59525.8125 118477.5375
1071 28470.1825 4199.1375
1015 40639.45 161003.9725
888 11224.01 21417.8425
1256 165162.39 150637.64
988 31957.16 134535.8225
1054 98921.065 161363.54
1082 37678.06 39654.755
727 116572.2675 157220.0375
910 14947.6625 50796.2875
1452 71589.51 153382.5325
789 178102.8425 162811.8975
1376 18339.145 2973.19
1421 12649.23 52987.4325
1440 87225.805 136845.8525
1128 71419.34 151566.81
1126 124808.5225 102974.52
794 97134.605 122652.1975
971 198320.09 138802.5975
802 11586.815 59209.315
1137 35730.18 179822.965
1259 16890.4025 166968.285
1100 13967.625 180859.3875
1155 162070.5625 115537.43
1215 2376.8575 88537.665
1419 88342.5275 108919.2725
1192 147423.71 147983.9625
937 61179.7675 148240.615
1365 116277.2575 60452.1225
1262 119049.595 15296.2625
658 15977.6875 119578.585
935 54653.885 12204.6925
1315 7519.435 5047.115
812 91227.67 111098.71
1107 15028.8525 118783.7125
1227 23331.26 160273.6
822 113742.2525 29690.8625
1014 122325.6075 120978.2825
1055 39049.87 2795.0875
1364 22899.43 119970.7175
1110 174858.6125 18134.7075
990 86398.5525 98537.9925
1592 44208.115 183618.725
913 182006.9725 114955.7075
1073 174491.77 66740.5075
870 83038.4425 106478.145
1121 169199.2525 74671.17
877 116981.4325 134068.5075
1154 198730.71 117177.1625
873 128958.4975 154627.3975
1345 181839.8975 113176.0825
836 66360.5475 193410.4975
1167 122974.69 141775.1725
883 135396.8975 163667.69
1245 35865.875 35941.4775
1468 90884.9375 67358.3375
1043 95648.8475 169502.16
1234 14234.9425 168519.245
1041 121876.8025 119999.66
1017 109542.5825 48049.73
966 54679.6875 81485.1025
945 70183.9725 180547.72
946 139657.74 10957.37
1172 111074.1825 33251.1325
1043 141964.5075 99013.4225
1256 113749.2875 71091.975
972 127616.3875 11000.4625
1593 91585.7175 107483.8875
1334 41477.6475 8557.575
1216 156137.3875 130943.23
994 44542.8025 187432.3225
778 116876.21 26499.09
974 73931.7275 154926.625
968 55596.8925 104011.9075
1013 191247.01 82308.5275
899 78346.635 45632.645
987 98664.2475 15214.7525
776 67623.225 84739.9475
1103 170937.15 155316.94
1027 5892.175 94908.2125
1055 98913.9075 159385.575
970 11233.16 12878.325
1252 194244.3975 57249.7775
709 100736.9725 22111.5675
921 163649.3675 38867.9125
1320 55267.2825 37266.705
964 61240.895 84212.54
1340 51849.2825 98831.695
1495 69581.33 81479.025
1063 26867.4475 21178.705
874 12317.9025 130258.0875
1426 75492.41 60024.175
1357 168141.69 175066.2925
1317 77083.48 22253.3875
1041 139324.88 229.6425
1086 119578.69 169662.6225
1203 62285.23 41591.5375
1178 175715.235 27153.2475
564 192478.09 191828.6225
1009 62836.5875 187915.1825
903 115024.9325 59587.02
671 16464.6975 35023.91
1563 13127.2275 185927.73
863 115642.5175 518.115
951 60705.8125 23529.035
898 16878.885 54290.435
1299 94146.5575 72617.18
1019 99314.105 109080.115
1120 121353.015 187983.3275
1438 82243.855 192893.9975
943 70358.855 70878.3175
1337 72037.8475 140905.1675
728 141197.475 103645.075
1172 190872.7925 117117.465
1397 198731.785 26959.8425
1389 63261.525 70240.53
1291 157238.5775 79548.5
1478 125108.835 58422.65
967 74858.965 119525.81
780 193631.8775 293.905
1123 72781.42 44180.42
1531 74848.2425 72017.815
1057 65660.2125 34633.565
966 38646.685 76258.1875
1593 169113.38 197195.775
1077 19362.475 98105.5825
1038 127365.3925 8863.7275
1070 112422.7675 193725.485
1092 164513.8825 70667.865
1548 25667.8725 100689.7725
815 74640.4025 102548.2725
868 52923.145 155806.49
1349 64944.305 191230.3525
962 150156.7375 190854.64
768 57252.2625 24845.465
718 185851.6375 47086.0275
933 116556.2275 116039.095
1233 104197.805 41404.65
1035 101449.9525 159602.0025
1137 59054.5075 62996.195
764 56701.11 142610.3925
1489 141045.5375 86812.78
1207 52232.5725 91948.6275
1148 144221.65 11577.5325
872 157772.6125 169668.8275
850 165540.5975 43151.8925
1009 27561.2625 129122.6775
1024 168078.4075 44484.7825
914 99776.435 87048.2575
1177 42586.76 50238.685
966 54706.285 45245.5325
1454 177739.0025 60447.1225
1013 170145.4 48003.7425
1355 139489.6075 45837.8175
1093 63212.935 56356.2525
908 147612.61 87151.9325
1145 158711.2025 152864.945
1194 180093.1625 13097.39
1173 37665.555 110847.78
1237 1990.695 45022.955
1372 197258.825 9414.6425
1337 95866.2425 129590.785
908 104534.4475 64631.7325
1257 108758.595 168789.2075
974 105316.05 175835.895
1011 120540.865 170783.66
