31 176
3379 2931882 0.789653818066 0.268666874601
3396 3798343 0.105969951003 0.0460526273395
3467 870469 0.365937669026 0.219048973813
3299 3016321 0.536798036664 0.699689185271
3389 1656668 0.245409161701 0.968198616819
3052 2580712 0.136899826689 0.217608563008
3161 1923752 0.393620171401 0.0664481339207
3060 4752988 0.347507035238 0.835008539202
3319 3026113 0.996443349937 0.0390263660911
3183 4373786 0.286574609861 0.934560239132
3116 4631989 0.601734855989 0.812009600183
3250 2942673 0.0680862836615 0.048293775307
3209 4636878 0.029698337089 0.236782348936
3325 2212541 0.144275703829 0.586631461118
3346 4095316 0.702102466891 0.0641630976831
3248 3128077 0.987868872 0.506605327375
3236 3612484 0.00145208472336 0.7278231784
3125 3603455 0.626070587498 0.661293893911
3244 4959037 0.0737180925078 0.338687866751
3066 3269922 0.931869235771 0.40935764186
3407 3847739 0.841452018085 0.430866620243
3380 4132176 0.11083705908 0.271597947568
3139 3356840 0.699433451322 0.563492986382
3517 3837272 0.507463042645 0.508335653272
3129 4150186 0.0190038920817 0.677351219439
3211 3887789 0.577982181371 0.494954281157
3508 3431415 0.541094885029 0.55381696527
3065 4103059 0.0877790168077 0.997260904919
3350 3827291 0.525560619254 0.278687838197
3472 4386228 0.0880912357934 0.592302115948
3117 3738408 0.498397377318 0.170998005651
301076 0.179795264799 0.281095171034
513025 0.479838391057 0.187455065651
226706 0.285801951066 0.874920618633
438706 0.132619349789 0.0845839202142
280008 0.406594059358 0.288689721761
605407 0.332849437877 0.478445015707
223789 0.202401365642 0.888058821721
168998 0.519302900635 0.618441627973
512885 0.587631920999 0.00300539828792
403689 0.338789696299 0.951916863531
235942 0.309790401713 0.0897242168191
341381 0.372002899705 0.784260562909
155235 0.349857988954 0.207166083732
344803 0.459340079192 0.550274559175
502389 0.789544345404 0.22495224376
227332 0.316038365026 0.981346919027
48550 0.148296487743 0.565205892548
176513 0.555110660869 0.618013850979
529990 0.167526210192 0.641417811829
607932 0.63847173557 0.513507723843
20351 0.240457054629 0.66635583038
385656 0.460130476803 0.0424465785315
159988 0.4141961777 0.430378465715
576946 0.0630435963641 0.365022455074
451645 0.844395479798 0.94764031304
164853 0.343921409398 0.304395797163
347378 0.715916576737 0.683763370991
210157 0.372198123902 0.69041984237
657017 0.635838740621 0.207797232383
352578 0.7045736406 0.733889332974
442622 0.148841486727 0.476327558821
178490 0.868585340635 0.980019944621
64760 0.0774967710561 0.880066256201
670252 0.236364146902 0.546933081731
313442 0.657705062988 0.962416224819
263408 0.971145037979 0.721212483086
456478 0.134855825376 0.338025657752
13138 0.184289583956 0.840737695761
507065 0.64228370659 0.223446091573
304786 0.970423049102 0.645891069672
39886 0.903852676528 0.826027262712
189403 0.606497201131 0.953864292683
27118 0.9542080664 0.092973848915
219679 0.931320564822 0.161222671116
318686 0.803139903299 0.522541307366
358930 0.592155290497 0.364849671727
546530 0.807954951545 0.649057706481
58871 0.605281005305 0.789827122319
153973 0.442844517969 0.509887722044
182742 0.0510853584022 0.785282859987
518286 0.397834852842 0.205077152802
646559 0.550561072842 0.811583141869
584216 0.381806908454 0.748448600958
328638 0.337256119934 0.443164104904
394657 0.0125849217044 0.742828780426
318591 0.0447240321272 0.62844579516
29325 0.890866792696 0.521855861942
77166 0.752847880569 0.247043700684
595634 0.38586701191 0.719121203658
261612 0.576018943516 0.390496818088
418365 0.82731279853 0.726391837372
658917 0.463270442063 0.846250314409
635910 0.974205499238 0.295506868097
397977 0.744661676431 0.0752307631477
522222 0.725703469576 0.638172380134
591988 0.531376002347 0.373626233468
226728 0.138745334449 0.691097741488
571406 0.394793443496 0.577904745003
293039 0.128488759636 0.937179717676
71156 0.9557704963 0.375337756524
91831 0.0109354528062 0.302595752823
506185 0.25883491181 0.457247122898
752767 0.23077518401 0.00184795885165
445097 0.695547588011 0.0850414175315
211598 0.864944291993 0.0171625259251
526681 0.595819878745 0.514228347612
428313 0.319169737584 0.936221295214
560588 0.861952251369 0.540884698631
427024 0.185901327577 0.371772877553
557829 0.534218939322 0.895860313899
815140 0.209977129559 0.603167410586
606068 0.00917457765722 0.282809499511
225190 0.494085241914 0.279828311891
765653 0.527229223966 0.689783968402
648122 0.146943826052 0.185839661973
405437 0.671785054333 0.988540235225
117971 0.0984632650318 0.646058696403
308031 0.414626083784 0.497545290655
370896 0.90144283868 0.431818133763
546575 0.0906070218687 0.605216161116
138729 0.234023039257 0.627664838774
811751 0.221942316546 0.822879302175
578839 0.139000354182 0.807581011235
767248 0.949089408807 0.0653768762361
490375 0.871479318122 0.211072650496
859876 0.644458765428 0.690535911828
151630 0.510488220229 0.546803299168
442568 0.401467864739 0.0889997240223
385808 0.0209563269024 0.706510314658
405292 0.557940967854 0.241033507045
520796 0.479416644819 0.9631398587
888313 0.35936597355 0.399742527845
649179 0.143976679483 0.00245420839372
561378 0.941390723296 0.372031649337
413874 0.436939141743 0.785509724723
290209 0.430088901317 0.273270536704
255759 0.145136851577 0.0447126386079
276088 0.895468298198 0.901896355798
978649 0.896488429735 0.817017003339
967720 0.230686315883 0.549707258584
172151 0.877729408753 0.623942723056
332864 0.461717125784 0.901516837016
85768 0.741140454649 0.425668736496
833422 0.277203074812 0.295967141186
122151 0.862360532515 0.845504299164
872262 0.230909868876 0.537862151516
638696 0.0901486238452 0.384080025343
241170 0.207692309714 0.601214216123
29612 0.471797437363 0.173173415314
1065733 0.743821466174 0.162286964009
315308 0.519267259163 0.911948917977
959978 0.464371591341 0.36677624791
220668 0.373646314668 0.849550992679
750039 0.0414747108167 0.743589414833
389815 0.301067995197 0.00986109544368
859489 0.133745025842 0.390093530881
482515 0.755349863624 0.811077963744
255541 0.529250116276 0.664423120339
220641 0.526429699681 0.734786388731
1041317 0.963464177497 0.416417624641
944421 0.524214909113 0.0760030697278
90813 0.0991419836376 0.681434301312
272208 0.726503981932 0.089453355218
479215 0.587404708186 0.562957805934
392027 0.0997573034825 0.399223196939
390316 0.709978752331 0.198019682793
1070081 0.378805988434 0.355050967112
816503 0.718665838681 0.325336979731
1194035 0.3673487149 0.602225902568
100568 0.525229343319 0.306359465952
369499 0.347579219353 0.637687397812
621994 0.16638011655 0.44430743938
1310357 0.323696195299 0.772145159292
910912 0.505989379385 0.51486821281
611753 0.897401609436 0.776762396266
642202 0.180764121709 0.983063146354
188368 0.838219551608 0.408804043223
568049 0.336012969341 0.216990043453
970741 0.616128294135 0.0272294662476
1193561 0.192417415941 0.650770632222
890012 0.0635533768865 0.850430531579
824482 0.275187259079 0.627999050178
338106 0.992267672419 0.630291649485
1154601 0.292135771233 0.536843749322
1516941 0.299799104306 0.0259526237398
378073 0.494985517412 0.946272941055
767803 0.655228274572 0.193582818708
126191 0.425695676258 0.0874313230404
1480107 0.584361068387 0.707743238591
1266773 0.462756940251 0.417691430126
869904 0.209563426575 0.52892539309
1974602 0.711634952401 0.750030410891
287200 0.149420803482 0.83622822957
1630128 0.958560878853 0.539806682124
2017011 0.585400009142 0.787645393786
1791099 0.910430446897 0.896976843156
1971995 0.157947195814 0.497996472252
838938 0.925103475266 0.344191926764
387893 0.449487260216 0.111296816265
712590 0.452064241149 0.610178371339
2023697 0.6775255221 0.894952993845
1300388 0.893372766297 0.970827513283
2515263 0.917835506677 0.683925393987
194330 0.0107687983771 0.183957193243
552444 0.0687692272239 0.807444596179
2214201 0.621854560617 0.639967958248
