4 40
490 20203 0.609614774964 0.219711388907
914 16560 0.144219929199 0.731031234142
523 34135 0.279873417947 0.905726168124
735 26279 0.965063838134 0.456422728755
1031 0.251628977216 0.589089410009
1439 0.819200364352 0.729086253043
1131 0.378463073469 0.779920791802
4592 0.0577195951958 0.169201778342
2490 0.736555030614 0.625844578009
3066 0.0979646137198 0.291799609124
1422 0.187970869305 0.470031040524
3353 0.482409742792 0.502778243516
2399 0.305260705047 0.403236913638
1693 0.0546882417704 0.345611132539
3096 0.526135457726 0.856808686685
1551 0.670143905815 0.513770940531
4774 0.467967734223 0.225044552776
2445 0.26615694004 0.230208493127
4062 0.0455240949192 0.0766650548756
3851 0.00293282835589 0.159029761025
94 0.188045518348 0.941910132324
762 0.717377647672 0.980318201926
3056 0.414101703024 0.635870314595
146 0.101555368856 0.333873988084
4603 0.765674667015 0.833469246934
327 0.415001532135 0.124070974038
3744 0.258426032623 0.804865910937
1362 0.112091944303 0.824317927443
3166 0.858154228844 0.396473336965
1288 0.194486616296 0.43102436427
4720 0.481725463114 0.0969481437894
2239 0.710786302947 0.489787996329
1170 0.830535499364 0.392238485319
1614 0.669818188047 0.740759888964
900 0.108423437515 0.178494307309
1685 0.229700948531 0.959671445737
521 0.459905387054 0.200863162031
2550 0.992097153483 0.177673688128
4921 0.108775572324 0.8617310302
3228 0.290285731932 0.37746126452
3820 0.184106673997 0.955580109126
1303 0.0294883066186 0.42323091952
3838 0.801413740295 0.586409139842
3725 0.0990870488537 0.172509545259
