49 443
407 2942649 0.701974714513 0.250029886262
3070 4835965 0.216553275534 0.295519206704
1572 1669247 0.419208094765 0.469041025244
3254 3227603 0.97189535958 0.564817334893
342 3850450 0.0952352441679 0.806761257963
2138 3745280 0.860761880192 0.330715121272
1182 4582981 0.874626428257 0.938144083871
3110 4423193 0.0924747341955 0.92947788159
3296 2958746 0.928332617459 0.834794456793
642 2059101 0.552122759828 0.592543906265
1072 2880817 0.0646960824118 0.56705678192
2614 1625036 0.249526787688 0.542344857567
926 3515117 0.88177978555 0.488957470361
1656 4840261 0.241540384533 0.0458000646148
1055 4975708 0.341494510204 0.373844004976
2999 3097876 0.401740452393 0.00191217147324
316 4905125 0.336860421871 0.682609814922
2660 3074875 0.707110111798 0.35388341115
1920 3821408 0.221084929912 0.45385517583
3186 3915731 0.202562879778 0.192760580432
1707 4458456 0.722407207706 0.683380157123
957 3674887 0.595576000366 0.729724922437
2836 2743545 0.808788284917 0.809811838003
517 1840007 0.596823211809 0.161951069665
3242 3482469 0.901912339471 0.550545478845
1427 2336715 0.0073947859197 0.824005399959
607 4297331 0.245295883786 0.699689111762
1779 4347435 0.517035382387 0.872309009587
3340 3555769 0.766374125462 0.435615751471
1113 4615433 0.00963125126797 0.419988868484
2854 3907085 0.909627422218 0.929942167984
1215 4316488 0.626827697607 0.327853357791
2457 4202240 0.964260178067 0.0862947987068
1258 4912442 0.863710850061 0.258734902462
1246 4291536 0.387088613223 0.399194650066
2284 4039278 0.602412587154 0.427457751137
1384 3561670 0.132038741539 0.931352117312
3131 4293326 0.359269699194 0.131672120296
1115 4329200 0.0816798896523 0.936405640514
371 4129393 0.774944394845 0.104777171493
1300 4552212 0.887295518125 0.105021407492
1314 4374982 0.129260364249 0.205349446544
3425 4415319 0.525560644715 0.149529170345
2726 4669064 0.0377333332716 0.400170581795
2532 4717536 0.418275254481 0.350757849173
1571 4383616 0.747908334176 0.984460842674
1619 4099784 0.241917945119 0.866166385241
1690 4775390 0.087248637158 0.50183719624
1275 4951275 0.276446230217 0.898813121142
170058 0.120654243081 0.249178286777
279049 0.476495169191 0.0844617744918
410151 0.600140681216 0.538479005895
261211 0.497910505286 0.705166307211
319675 0.841136255488 0.334576458067
128361 0.18297984723 0.498683418734
152507 0.722098959723 0.24708583994
234043 0.260805639804 0.308957170631
306210 0.7728045404 0.284533941543
252413 0.83512695236 0.73277689423
281672 0.088582485996 0.856652255412
152033 0.257636874858 0.983560073169
10209 0.874731494474 0.101177406264
427606 0.688405135407 0.93507813091
70996 0.37155655713 0.248708332009
144018 0.619339016375 0.11329340514
374853 0.151268942842 0.140321990934
336513 0.445133054167 0.227076351448
145988 0.362778576208 0.184268860661
184944 0.256412112023 0.275224498512
416779 0.840407321106 0.80627367614
333517 0.648849767293 0.657500181966
217557 0.0345318515441 0.602661481697
302416 0.651689496674 0.891357579901
123389 0.87663107023 0.176084872283
31601 0.460252517064 0.58182733426
393580 0.277681889208 0.240331902422
113612 0.409485830825 0.589300087085
130883 0.386987597821 0.278065271832
381410 0.747501477247 0.418848580726
184334 0.699463133383 0.715590801797
222003 0.319939100085 0.838587666197
108678 0.849921494481 0.514119086108
173211 0.362510707625 0.0581497621165
265764 0.640505646062 0.553461429167
243537 0.592500984028 0.343232224682
302160 0.37575170207 0.250474770786
92503 0.761029977237 0.425529171662
442156 0.0369047813066 0.797626123214
338995 0.117279336194 0.941207287304
173468 0.734276570723 0.855376761446
205513 0.873148573511 0.777073415029
419594 0.9587420452 0.0305527279875
386632 0.899841867213 0.216546766719
229437 0.512455407793 0.295100957986
429103 0.778115849067 0.793078832955
77087 0.396840499946 0.511558283481
312548 0.131035931878 0.162545161946
162928 0.843355255896 0.393436131641
21632 0.0252989729409 0.640172908291
307385 0.805662668414 0.278760186234
418326 0.125817291657 0.872597755835
235286 0.926668242813 0.126048065823
210128 0.430038872244 0.238741550066
210703 0.770342874253 0.329647315229
296527 0.829630051258 0.3725577606
450617 0.633500522347 0.330615594171
156058 0.598887168173 0.702443765104
314824 0.209712033358 0.0668753876391
365218 0.536879545815 0.154075286207
125825 0.417344246369 0.435248443175
270164 0.854687578696 0.430745218977
365046 0.321687362277 0.722090565794
297312 0.184737197452 0.544275269985
436858 0.366385057645 0.119793427088
132294 0.931470815851 0.666644692136
449225 0.597286802257 0.0641902835784
254345 0.963626593373 0.574304453175
95998 0.101832255126 0.691777198239
418638 0.540522527511 0.379099274869
390541 0.374778205271 0.575165335396
84468 0.566222260634 0.474449850808
393149 0.349790416652 0.687721513625
136155 0.718647710469 0.441464934956
24096 0.376142305658 0.926706067395
457355 0.284276143017 0.809501487722
360693 0.180220598897 0.616455042525
356390 0.99186792367 0.105477152999
401801 0.783738585632 0.140283247002
313801 0.0574788147022 0.48120051475
236761 0.181893099814 0.205895722263
384946 0.0371110256709 0.0502901884059
158153 0.169589341719 0.640488794883
256111 0.138859920701 0.0169077506413
274195 0.318577531574 0.520088681753
99134 0.663950797409 0.142867265772
190554 0.587293509729 0.5887048079
247867 0.505244130101 0.29530574407
467002 0.665441967961 0.0984033826433
229831 0.381902429781 0.912973418639
88354 0.0593480832457 0.666466971856
49191 0.204307232522 0.505074408346
100444 0.560339823929 0.96635963297
365537 0.0273028072093 0.65191637864
392191 0.816474868674 0.805333418596
414926 0.868202746401 0.191648154449
442398 0.358736744948 0.663419463041
27289 0.683077063383 0.690000502146
103924 0.349413475802 0.106572269594
362786 0.384996719359 0.598478456238
319030 0.203306488444 0.802820527794
250504 0.947246837812 0.34236626656
474041 0.35929517832 0.81627738243
329314 0.0103777546037 0.310217277538
137458 0.951223361612 0.65190936572
323962 0.541169692072 0.026636256178
136285 0.616305743395 0.0304298146951
166334 0.140213681958 0.297419170853
3352 0.582316858954 0.85347952635
430118 0.603914487211 0.814409661345
301860 0.957401997713 0.199026666273
1412 0.600190543791 0.099209953914
187842 0.845964135588 0.0221527540634
207757 0.640942657958 0.128068892392
281945 0.654267428887 0.614705779373
28097 0.00556280549103 0.14508713432
428507 0.304262265431 0.821851416753
256498 0.983279179942 0.803547445286
138063 0.202061231652 0.601024723152
281586 0.873304085808 0.598158559162
471164 0.406298194223 0.569982245796
55087 0.730157428346 0.0473462279558
1970 0.926381759843 0.425037945529
400499 0.0533106421759 0.320161843583
473344 0.800743671567 0.908610297274
316296 0.906243083539 0.895302990125
138262 0.259413274785 0.588283129297
232727 0.245680638359 0.765176511556
99501 0.18641679695 0.516741377756
144832 0.172684646354 0.107070052446
265244 0.538942541073 0.966172568578
146313 0.295662789019 0.336370802869
113553 0.243765215544 0.0106024718001
346760 0.956028582079 0.841457816815
127121 0.628580400467 0.741588785955
1694 0.719712148593 0.758329262225
17863 0.0708449389216 0.105952489769
499734 0.267928443682 0.294244372354
325633 0.881783259104 0.628184678756
127504 0.579784866865 0.990103319801
69491 0.0808676789063 0.360714120962
85347 0.282342224978 0.21278103879
80800 0.663895158993 0.708793898181
327367 0.468967460102 0.122423364916
445223 0.0242298510947 0.779550271972
122189 0.576371459509 0.599778797082
98085 0.224794552408 0.830884345642
237310 0.370684073204 0.871732776626
3756 0.801393301606 0.739640011023
321217 0.141584923379 0.274444600384
251793 0.976236173324 0.471861011786
167517 0.0593150029492 0.278010697508
61019 0.755568678633 0.682473081378
220337 0.0724794436163 0.837228836414
235422 0.169332434909 0.714294796822
486712 0.675920626849 0.435570888394
200391 0.601776120476 0.589064816905
296628 0.599632580146 0.719129751716
203795 0.66439602454 0.756191926559
90298 0.719960581038 0.436970431411
268187 0.476395604806 0.710384793351
274394 0.956386940601 0.00924947850291
425625 0.951519362804 0.15648616068
480309 0.911762180204 0.766464024249
494105 0.358092802042 0.662919869522
8899 0.0905338168834 0.982284616699
126664 0.806727245153 0.905633578961
227931 0.855171126361 0.971704130665
440327 0.935334653624 0.795709264221
487252 0.654082640373 0.826867550994
204696 0.879804182889 0.562813462339
82313 0.212371222292 0.305380462676
312136 0.16973719666 0.45158271651
479390 0.901997554978 0.889916038775
145483 0.384518394973 0.90867119579
347157 0.902480899457 0.588816977872
165449 0.611836180045 0.392031585799
397178 0.23511178386 0.523479579987
359482 0.434731812873 0.259747659868
137074 0.565645796611 0.576794727092
313439 0.238423045591 0.983466350412
109853 0.121419545871 0.736213496083
426073 0.793342950301 0.372535294116
179219 0.377002706903 0.300935195083
412851 0.360358753915 0.585238369548
519135 0.923174821384 0.171368771209
257982 0.298527101424 0.763740288007
525620 0.329792403974 0.293796916954
390906 0.0719869800064 0.78049432556
299825 0.0403277467747 0.126105261677
126416 0.637724578226 0.503350362182
240726 0.0551155781399 0.840077218441
441649 0.614604318117 0.468640946677
353339 0.592242048578 0.601945384465
508239 0.422042819915 0.738610452126
535581 0.002501745849 0.787760136348
366882 0.880445586685 0.200283349465
157331 0.538112137001 0.583961898787
327072 0.929615261581 0.989273098456
229367 0.74367595626 0.924838672977
298126 0.828396878712 0.443037389803
337507 0.607245075773 0.635182379242
364696 0.920265516444 0.869163358087
70015 0.125987942137 0.292304591889
360072 0.77342979604 0.256318022596
285691 0.505165462506 0.362898425513
134090 0.489411963355 0.69293034155
227955 0.348588442743 0.246319477922
5073 0.580724847845 0.568603025547
287487 0.497984464123 0.736394648923
447564 0.0117684536519 0.622759458035
46320 0.958368730894 0.67424381003
94330 0.0244691001928 0.995481034169
509044 0.720418412514 0.860366789643
488300 0.161985113759 0.195270794778
580074 0.708611548892 0.99309689472
422392 0.982394475844 0.0178298446215
261214 0.348530255217 0.491489586672
436108 0.570189921967 0.135051946183
385984 0.899892830136 0.421059500245
305638 0.351220391803 0.672732892964
221763 0.459616255228 0.274780213929
155494 0.384440186818 0.384971342014
570375 0.268359528327 0.00239337285555
208513 0.62534109964 0.549571873742
354106 0.153154841039 0.037386208536
203913 0.296287260873 0.223185104754
537128 0.0762851493093 0.991200577978
331717 0.143261327844 0.0686504796272
131093 0.0694188640046 0.383647962973
355113 0.461245731026 0.34969082301
132276 0.302113441394 0.878606120416
357807 0.741906559076 0.641946567025
427068 0.436816584373 0.64169919958
49583 0.332530624661 0.0717062164278
300975 0.478943205255 0.792338112548
121386 0.951966760517 0.323930456931
284026 0.0734064932277 0.766952979861
584132 0.74936543544 0.490032272947
460817 0.21141345838 0.0904430118339
150723 0.228953868054 0.135714000294
563519 0.780852834169 0.0493063451096
126088 0.0896994100355 0.0526198594594
405779 0.145944704189 0.234296001208
302531 0.21100096171 0.869047053898
363945 0.714826298831 0.480387142561
573970 0.533913405338 0.0811960266163
2452 0.647203583688 0.244077878026
432422 0.320169172052 0.977999814212
178995 0.632233622078 0.0392366217235
10571 0.572939065634 0.616335986652
580056 0.261766752266 0.92310266061
488387 0.785657935878 0.424646362368
628936 0.332553340475 0.0598116154881
487044 0.533236916768 0.0613566888144
382954 0.167167984849 0.902850420205
490744 0.549724560232 0.86594380735
394705 0.539274230576 0.87608480441
566298 0.059876137558 0.8513951439
419107 0.695168482711 0.533556311642
173623 0.889393727013 0.987825457035
227332 0.522857650436 0.556343768041
481346 0.602371276788 0.412902754684
11295 0.858749439396 0.287783807617
419741 0.72440933914 0.392389238435
640656 0.299056882154 0.131411289809
412834 0.857058719835 0.0690993944098
624325 0.17304133242 0.979012967314
266113 0.908538816132 0.868711590474
169585 0.702024165759 0.0725330277022
405018 0.461231675287 0.127845866729
635119 0.856122627944 0.767502177679
388352 0.0768843507271 0.900227827378
87807 0.522587917597 0.110850576758
407941 0.765884194278 0.605756405446
27475 0.78629489011 0.510161886263
128560 0.18418809506 0.941378169697
607019 0.290284836009 0.964592506459
489063 0.727686089979 0.482590313652
268146 0.573020217771 0.417675226455
75001 0.382869443548 0.869976483294
661833 0.237222288999 0.482476368988
658684 0.184085592697 0.0921161804805
121657 0.512118188652 0.631290959856
143163 0.000136428319041 0.688064533888
137417 0.18893109894 0.571500185719
620585 0.785961955962 0.274634584066
674105 0.133239678054 0.190167490722
130963 0.309217367388 0.364705512249
642880 0.316885503032 0.853338941283
462852 0.0293025707489 0.326281481859
203110 0.699346212063 0.656168147607
182598 0.619296807323 0.0554222488938
610698 0.334735483631 0.24232239552
33438 0.808749387014 0.495268749081
463972 0.763022106484 0.173198989282
213794 0.936508338222 0.606360866665
236119 0.101849999863 0.617500436362
264478 0.972354824562 0.58436481343
161278 0.595769385639 0.852629105988
702932 0.768485449664 0.938056469271
29480 0.160371505256 0.390575326111
430713 0.769359802095 0.0917248347142
497041 0.000969056850361 0.00371739014855
167387 0.531674573834 0.511508839697
586385 0.397608446997 0.795631326458
462149 0.491834627603 0.168849093325
74737 0.809518858841 0.775641578203
748415 0.46275466431 0.602015904293
55660 0.0689865430815 0.47092118764
596577 0.458975026842 0.961250799925
747341 0.422803729393 0.305885049109
29997 0.443697856398 0.238803631401
654543 0.338341730618 0.245011194761
566812 0.256463657368 0.922552198732
190407 0.985203288311 0.507687741312
302630 0.362431104824 0.548396813654
478250 0.506088219328 0.339484266719
9975 0.485095325919 0.223785260914
435344 0.590484619842 0.954326356174
697644 0.576873745518 0.349882007776
536306 0.60179675134 0.186078417979
347864 0.309879674307 0.887172535003
88480 0.718937714343 0.0263289938091
329882 0.952668191279 0.674628668273
450595 0.936078445632 0.0930496401514
373709 0.217097691833 0.185662018516
521606 0.544430125268 0.423267465843
319103 0.623397061307 0.914002797114
471030 0.717056623376 0.658637256404
355538 0.213846018383 0.883636005216
93393 0.949832033799 0.180431678883
752338 0.792393762667 0.0391219810832
111302 0.610354667934 0.837981489263
516124 0.698382203515 0.400073354059
312688 0.129497412333 0.231182185461
51152 0.989294195745 0.0706055809122
322166 0.950064162984 0.214225461666
568234 0.751942833952 0.112255355352
519484 0.130149526207 0.75161060629
536031 0.657395676518 0.974696240905
611359 0.0535816503725 0.902617033069
805238 0.42039947208 0.0811633646232
530074 0.210214506264 0.1788104295
341228 0.498609945253 0.314569515937
206212 0.385120005035 0.00462909089181
710146 0.260913771318 0.720291057323
389976 0.795835437785 0.345416142926
288500 0.535864732387 0.993387338076
489698 0.350365056485 0.564788212502
56896 0.65077080772 0.946062201684
410952 0.0948233739432 0.730560385264
63946 0.939347142983 0.181194171222
668715 0.89668040987 0.783853335074
318109 0.527642806917 0.0357975302241
859091 0.00286428392347 0.413289388752
521947 0.934686370961 0.875223006098
933335 0.507212054164 0.653724070486
273651 0.604795879958 0.84334683198
54240 0.646246131114 0.396829129542
704863 0.128684055134 0.262410567638
594580 0.311348545793 0.513433978625
807792 0.425421242995 0.397024940534
885144 0.353705106103 0.680175176655
662010 0.296152632871 0.630772334329
94602 0.464179212628 0.160916364859
416636 0.682119416886 0.172618296715
331538 0.815097690829 0.768215479196
139288 0.338750658636 0.941247589829
310494 0.0292642689312 0.74668844926
239384 0.585061298723 0.487241875664
282381 0.00258897271469 0.772877145065
721064 0.854681585209 0.149231354742
320558 0.716729968274 0.58687636507
104527 0.74638504571 0.476742273082
52952 0.784462583684 0.220303758909
1038060 0.925186924471 0.603403402289
681593 0.864806442992 0.363878841586
170820 0.0687091383382 0.610065693724
200809 0.201481583487 0.78169312002
370237 0.402846614758 0.74061420882
19546 0.0884310685659 0.659254962067
827734 0.494748801249 0.946323019747
57865 0.24236917087 0.773944831812
702899 0.315304429719 0.251194970159
731039 0.533249700695 0.411672548488
1161464 0.905139152223 0.567678421919
1145589 0.618712071749 0.0240400192774
588313 0.099578085097 0.038241668683
546233 0.741263256704 0.418712721435
677648 0.264530517213 0.163868820119
527109 0.187903081194 0.891042789335
22498 0.687869642541 0.499182419114
751781 0.696051009884 0.7257441495
1046705 0.323541879526 0.536604148935
807071 0.679004311803 0.807213965927
63679 0.540003576958 0.0832325014409
21909 0.992580136352 0.0276704171666
507778 0.687020727663 0.658318850557
39823 0.135085259995 0.528226229441
944525 0.389155153105 0.800003602644
962037 0.899275905507 0.407622164237
1193298 0.211986204478 0.570287719292
1350430 0.721016176007 0.388429613804
317048 0.620688352799 0.416690238662
1284937 0.0441920375426 0.34798964963
351778 0.357331146149 0.536951406063
226104 0.778792534191 0.557010810083
1220537 0.34331606922 0.528467748722
976459 0.991336682711 0.813951308949
872940 0.952218011564 0.197489605516
1423436 0.568353920434 0.252512656347
673267 0.862432109247 0.969388358112
943520 0.0539409099861 0.242857446688
190329 0.798474977468 0.818172186684
1660564 0.0498428826566 0.732969575861
1222697 0.756745073106 0.046968604371
1470299 0.0544903495395 0.724607352334
4371 0.620864705747 0.978017694785
1264720 0.871489666052 0.490363573829
1694750 0.350125912546 0.487365146218
574197 0.0636923682359 0.317571467906
500445 0.705619504083 0.0346319575904
786951 0.237690184585 0.0207682860335
678709 0.201515297607 0.577959941279
1300576 0.461174752494 0.844785993852
1962863 0.929608754938 0.861983075033
1198374 0.733839630056 0.79110609467
975042 0.649543820576 0.64610315465
1917432 0.311273463237 0.501675112467
1387183 0.235294916387 0.432113690896
514516 0.935571414363 0.0113023665168
882660 0.960121062414 0.738351972453
171969 0.950606387205 0.934401746963
1339246 0.500319796551 0.747051359869
465317 0.901400454874 0.75945255937
1425660 0.840849063563 0.0630260676869
59093 0.0390050578246 0.507747488892
19723 0.150103500421 0.0446596183747
2767145 0.280194738197 0.493296782571
639551 0.611109023137 0.837474050229
1280328 0.51022702191 0.531446631169
3398132 0.527012926564 0.215383824866
