6 72
709 40379 0.161742863652 0.0599731019404
743 22550 0.726818539687 0.420945277405
766 24581 0.284548448102 0.42694970435
825 19555 0.546326610922 0.451020625795
650 39354 0.627046196204 0.974886548522
524 52476 0.199475992979 0.730783507635
4364 0.336212051822 0.414557630355
317 0.35448632167 0.119989394147
1584 0.501922656764 0.63332673954
2594 0.533359418853 0.979770549458
1034 0.0819843528404 0.303091458828
1106 0.290627771821 0.866375883358
4825 0.419243807851 0.882622206222
3889 0.653149547798 0.391671451257
976 0.362243399422 0.583438964337
311 0.942862524649 0.555058802876
1359 0.546317102085 0.215013372853
3775 0.852945808856 0.750513432026
1323 0.0382903235662 0.843614009662
3806 0.804030000311 0.0348976836866
4139 0.68686525057 0.457195189547
3798 0.313590184523 0.48242827798
1556 0.390377358568 0.37151971862
4231 0.221343166157 0.0344284696367
4850 0.981208275449 0.772998425196
2114 0.797891078489 0.49747991909
4428 0.740753217156 0.392457375686
1046 0.484942242083 0.263514647745
2156 0.497634441031 0.390273422432
3027 0.316474081027 0.377759166113
4059 0.704606766739 0.159294900624
2179 0.646996113505 0.124528380631
1463 0.454267462894 0.597579556223
1601 0.566776541771 0.873360662105
4007 0.33077606433 0.579501750872
2977 0.320378717233 0.417788844647
3373 0.967595678593 0.514680390694
1721 0.147300613231 0.748248710893
3514 0.911353465965 0.788883014507
1612 0.452609003114 0.463716919113
4562 0.239569118954 0.833356103798
4224 0.521925469212 0.985283407233
2193 0.732853403402 0.104998321429
4340 0.399729230915 0.297688292082
2212 0.436282963575 0.42021503658
3790 0.323080079673 0.454950293038
807 0.673329292569 0.999179921976
3406 0.55192172408 0.25133486954
4133 0.448018379219 0.736608710155
2043 0.650583547907 0.0216000403824
2853 0.448626274749 0.905399564084
2215 0.613065589269 0.162006199185
3311 0.480338900329 0.517685846875
1435 0.190494454735 0.806036735639
4867 0.167654585438 0.516758886324
3851 0.141235153006 0.614138738419
4044 0.422788033927 0.463170843614
4880 0.443964899837 0.184902377763
4400 0.41545416883 0.373688137298
1781 0.653109366832 0.385229193253
2267 0.193602156204 0.247203899939
2406 0.272689505143 0.38175473698
12 0.809353426752 0.179084882308
4659 0.76419256998 0.52806569908
4658 0.176062560293 0.710496756927
802 0.704099492026 0.658346634554
2601 0.370490702312 0.011095102838
2094 0.688491854936 0.889456721729
3056 0.473010400833 0.351624696513
4644 0.20944501983 0.409037348495
4022 0.375323251401 0.252543509295
754 0.656812771635 0.951898704733
3707 0.791845295822 0.239885570485
106 0.839424896228 0.527072013777
4400 0.405181976231 0.929768244285
308 0.527275342496 0.333208076192
559 0.482299530094 0.570636966194
3379 0.43191545485 0.00868807853452
