7 28
96 10326 0.351507818647 0.404146302253
849 6157 0.771894895849 0.385592375362
345 13402 0.694574101888 0.92853290585
334 9340 0.103473404624 0.0608998251824
516 13011 0.252310271552 0.779952303118
867 4070 0.801484711529 0.570805713037
682 10398 0.293669917515 0.99512010146
1872 0.482537864529 0.962175543748
3606 0.884453501601 0.769757480453
3231 0.63975921505 0.713675378114
3618 0.581294072409 0.924253250556
4619 0.146278459084 0.372800771183
1672 0.398900559402 0.505967633583
1055 0.0158525479897 0.63874512836
1363 0.0940965837387 0.943126124033
1734 0.450278728995 0.667033237298
1139 0.389317344909 0.673255356555
1272 0.395755234564 0.473479058771
2640 0.47348369994 0.543704776819
357 0.359426256152 0.886862749128
2955 0.464167752404 0.508746904588
928 0.679869960064 0.274526105811
526 0.257742120322 0.0113749622668
1190 0.287744707707 0.730976456646
2050 0.800867768324 0.955952672534
3440 0.239840844546 0.800824896126
1408 0.833356397729 0.0468254680385
2664 0.818183663058 0.660138908976
4202 0.0352984219166 0.185663848499
1852 0.590480899941 0.137144311164
2750 0.862836358165 0.0555352894875
4998 0.126668669904 0.272240011128
3394 0.657866112411 0.803406825936
2707 0.947920103067 0.423588628666
3462 0.11376756348 0.477471848253
