91 457
4576 4923430 0.0519205037593 0.657681263087
4489 2193953 0.742793845643 0.271654055441
4452 2631295 0.912094465665 0.802206506135
4576 3951006 0.446708885982 0.675006550337
4495 2704634 0.266153440533 0.404110735777
4437 2659356 0.94078823957 0.424246462424
4605 4842065 0.953368062917 0.284415271477
4493 4241356 0.290138579565 0.94153728682
4544 2149421 0.819595089989 0.175027987145
4457 4435093 0.0973795586828 0.0617466820958
4450 4710311 0.136976631276 0.0764532954905
4597 3288049 0.515196791801 0.200280564123
4543 4254240 0.615656481973 0.9713691535
4508 4415191 0.27002987853 0.796275143014
4642 2641391 0.849174457635 0.994345064188
4498 4980543 0.309188681418 0.0981555145901
4464 2913723 0.104746635338 0.842776044448
4461 4304890 0.988204323294 0.529903510356
4549 4528770 0.665339091681 0.681506481183
4501 2914738 0.94575804863 0.553752008828
4591 4439592 0.455262222913 0.285159868258
4457 4340905 0.431646950518 0.680207151219
4555 3493525 0.440544929369 0.0880967322609
4517 4516110 0.190031848182 0.337130428171
4601 4222078 0.661088171 0.944620812407
4467 4890339 0.844146756227 0.5103272003
4503 4459512 0.984452858415 0.578734487103
4462 2971184 0.159792910365 0.745615088734
4517 3702183 0.506584452761 0.321992980466
4532 4215158 0.266369159323 0.0344048418018
4485 3542106 0.466278021658 0.474334428298
4462 4925234 0.786198619482 0.940207739347
4504 4554597 0.983904514712 0.12762352528
4627 3564262 0.779346096647 0.894441876054
4638 2881214 0.266039908803 0.747389645537
4515 2058461 0.434415311374 0.474106624391
4435 3039944 0.549531162037 0.814935320063
4527 2935466 0.944883948394 0.274693502955
4485 4378625 0.167317735474 0.586374003347
4527 4136728 0.241922148649 0.403546914424
4488 4505317 0.365581303334 0.417878280361
4642 4450790 0.286296432622 0.474822319852
4590 3007484 0.267886353752 0.134282439707
4530 1862705 0.514942608635 0.478492203242
4542 2736411 0.958507594236 0.00854559997072
4470 3719863 0.451056285528 0.310932648845
4580 3929076 0.891532201763 0.750020709267
4575 3140626 0.571925169065 0.495302951775
4594 4104206 0.253517727366 0.239753576108
4589 4806441 0.103100751231 0.431497104845
4447 3528299 0.747223708655 0.0843266582784
4524 2619230 0.714495668646 0.454041900529
4646 4515555 0.469878828621 0.145648768007
4613 2484559 0.357553885584 0.291708677349
4533 4564801 0.520775139792 0.682026124852
4618 4498796 0.0758001550948 0.254958559975
4632 3510262 0.10721308299 0.27769160482
4448 3546239 0.0235791462819 0.687103205796
4457 3854586 0.480926547067 0.0161483110176
4473 4611554 0.970301809555 0.0774035180453
4582 3839312 0.428768736478 0.499109729036
4635 4601776 0.806531916725 0.0568943480457
4557 3021651 0.585399926474 0.684140715322
4621 3862984 0.934080998568 0.837770087378
4636 4227912 0.0849819597407 0.115654920571
4449 4051959 0.57577010567 0.961733640567
4479 3450709 0.434908400195 0.0409571527794
4520 3298903 0.0672528519792 0.0848999151803
4621 3330413 0.645832029379 0.909460496332
4511 3102887 0.670968048171 0.97544650152
4524 4307365 0.27919593515 0.456172774058
4574 4833926 0.0393831916697 0.816281261899
4477 4517242 0.132242998003 0.462359132047
4487 4762845 0.255857743596 0.332581832808
4504 4704908 0.831361234368 0.637698410799
4638 4733028 0.989186100642 0.623825717635
4551 4063090 0.479769228985 0.870065873531
4618 3902071 0.512780452172 0.223039296131
4495 4702453 0.971070963896 0.47901490205
4447 3904338 0.974637409052 0.319215893152
4496 3933031 0.892043053463 0.106386026095
4593 4808762 0.00104128366857 0.44271584314
4620 3596142 0.215009402743 0.361446883569
4508 4198158 0.542536996262 0.169211420293
4511 4869969 0.224820891914 0.599812709188
4623 4621892 0.515281141776 0.233825901919
4431 4657905 0.923330843462 0.896714803328
4620 4173102 0.987708336337 0.462069246109
4625 4087208 0.903360054869 0.90578788849
4461 4943622 0.323743526635 0.482999809126
4465 4350471 0.498864726807 0.707114656033
358592 0.468306509579 0.622368285188
396558 0.791882477252 0.188581026641
107576 0.424519624744 0.566607309767
214163 0.299609192625 0.142818803235
605543 0.647821373616 0.72456478752
366679 0.508795657291 0.409189112853
552169 0.221809367284 0.589454436169
668220 0.865852456189 0.168672357987
265028 0.330471575946 0.0331318017706
196614 0.393682445573 0.876891999218
626244 0.466594806211 0.0577129533732
384272 0.523816289255 0.897524529746
747745 0.503883215707 0.150993564257
9290 0.698501586624 0.107600118988
585984 0.474529839634 0.0115055536211
287449 0.460714601002 0.435051171993
739456 0.663112682936 0.606823100917
148341 0.954000408712 0.568860770661
727771 0.108471225498 0.721002879565
729119 0.193990400265 0.865823339563
563157 0.804961513409 0.980988904766
700908 0.973839399927 0.251976435266
781197 0.978340145867 0.791993383096
37119 0.690263362426 0.0699025788796
198806 0.0411303588497 0.958937560083
572707 0.303689169837 0.124788968264
598586 0.31817367317 0.663246735637
308295 0.0749749412364 0.37528045524
301619 0.834063176748 0.481143965781
700504 0.714229540194 0.54386160954
171814 0.600892409792 0.315843606146
159792 0.780779695088 0.452117525547
180288 0.741917105696 0.0565828183735
636136 0.325026079212 0.505219177683
652066 0.353325340383 0.99107143664
337127 0.102166277993 0.290483540818
789783 0.98741925325 0.137689074397
236245 0.6431172861 0.975760751858
207551 0.0342516612911 0.60330412638
96044 0.7654390519 0.453366438419
221184 0.439496395281 0.966000422667
691671 0.279292064911 0.724749921287
138671 0.0283035779707 0.870251201915
537749 0.334777761034 0.801827762513
31137 0.230917756246 0.131317601131
464642 0.888811716571 0.773399787989
93575 0.884568651004 0.876815423403
199017 0.835662813889 0.777159304549
242230 0.112185023475 0.237614980342
410437 0.49812893808 0.462215910829
536694 0.19537813379 0.226957711005
769279 0.74938777304 0.615905266152
485823 0.990549359841 0.902053373921
33131 0.878409270325 0.568513373962
91192 0.542335851793 0.891578059983
173471 0.167695276355 0.991812014763
326495 0.875878213076 0.404809553614
57680 0.652687635104 0.356785738379
349683 0.336966028296 0.727668346002
15147 0.545165463786 0.44547405176
721080 0.798495118718 0.141569063436
326401 0.186432981185 0.341481211342
199924 0.831063900299 0.201684514922
708982 0.543420778476 0.203263644667
233169 0.63611887519 0.549301666084
438152 0.921209129274 0.926602860108
187382 0.560754285688 0.109840797621
641949 0.981831846902 0.95151785941
614561 0.113943671012 0.891543108733
265319 0.631692363624 0.477272768289
403352 0.107380583747 0.779732944394
84896 0.24002402374 0.670016685612
509993 0.358277343736 0.350540983624
357785 0.481074634273 0.107006265394
220042 0.843524255503 0.271444097466
722279 0.951515322693 0.290907312215
321939 0.593874442081 0.0960658208467
230013 0.243979274013 0.975339015229
567893 0.178486414683 0.558872042065
205121 0.668838877721 0.5556496411
42508 0.61680658208 0.396773459601
177653 0.96969317158 0.552792541311
80977 0.164185301891 0.210526860552
827693 0.761504195576 0.31380617709
621991 0.310707924429 0.70860028329
125207 0.520879289903 0.167857687457
506926 0.0576965224288 0.45797421692
604268 0.946572630527 0.589438293242
356286 0.920163310116 0.813952061133
280740 0.169248892295 0.990609708749
741156 0.0804596768977 0.527390505268
153759 0.218703127316 0.964707810989
646923 0.188954683031 0.82087017191
696073 0.294070669363 0.222531918564
225967 0.490470678132 0.171801208132
208027 0.965453472359 0.344269623947
666486 0.12949139448 0.856402078764
269555 0.00769856260735 0.42478529068
227499 0.956997110827 0.828405963763
576548 0.1048131628 0.164401684602
377261 0.703702367061 0.489251726825
544538 0.613113583744 0.375392090342
627189 0.439365011607 0.770999878496
250707 0.896322439591 0.707964314302
538081 0.520664752894 0.446900047375
109423 0.83150351046 0.0136217307785
807999 0.110073622182 0.0484638199075
7087 0.630565780415 0.549236845001
230105 0.28978107078 0.603509219823
754434 0.593439851236 0.332748908449
869013 0.550472617694 0.966990878437
24921 0.338759506158 0.854810311335
70246 0.532971963964 0.64878490031
442132 0.919428321044 0.951963438173
422148 0.595531113335 0.984764764031
437444 0.581220980042 0.780526921757
758513 0.89401066592 0.432590776522
512524 0.271333589304 0.937590267516
414477 0.582537202343 0.263826988498
696848 0.0480001659788 0.352549622262
600277 0.481864346701 0.485891473169
751900 0.947800129336 0.0669961250664
202107 0.713279610037 0.413820834907
852932 0.713957233487 0.17893241807
872926 0.675999700607 0.813239041412
761993 0.811899152934 0.947378695367
43983 0.399496706006 0.319271386698
545953 0.178730893562 0.691276319184
337509 0.959807919207 0.67806644647
736495 0.0657711641079 0.705555244306
654174 0.75345228513 0.167312872536
249767 0.603395799291 0.771296544939
850075 0.86718154033 0.229891884753
497951 0.126541899593 0.0729109744312
781950 0.925186176858 0.236407570841
169001 0.187897419586 0.864071409688
570411 0.844317933562 0.00316736734429
224451 0.0733891787308 0.938544027006
276654 0.960847875234 0.241310441353
704368 0.955677454711 0.53687673443
431111 0.124882367538 0.975981627588
150169 0.108898838099 0.169578958344
41223 0.102278795524 0.0911478132197
615480 0.144964034791 0.182914507202
523161 0.42821954707 0.93014718584
191142 0.00623163680314 0.162014443058
629267 0.381887463642 0.305931484106
719586 0.885483175243 0.223340583855
166275 0.818250500924 0.118876631415
526932 0.0411714492691 0.36101088152
759660 0.90330182063 0.67465752203
23530 0.996786242998 0.305057902508
640171 0.0573556141767 0.129108129662
746672 0.991818192996 0.635646586688
500165 0.545903014553 0.487528277005
293175 0.78087230542 0.454420839984
453789 0.843692266978 0.414299550513
451331 0.269656161898 0.0791011435045
847872 0.146326012541 0.173599956407
663303 0.846209280492 0.369895502983
927204 0.98536746366 0.64738050067
138561 0.0866452159922 0.207459998645
181324 0.625138448499 0.996919362271
930608 0.151707592788 0.808558443223
373230 0.266979730258 0.529862670185
495334 0.841712861297 0.799801435991
713001 0.846794513794 0.832404164646
758567 0.490200569599 0.170043695845
29666 0.279178657821 0.81112223308
584042 0.462447148124 0.673204658753
246658 0.75433734024 0.91703448397
118221 0.739085533483 0.993277357853
537059 0.879585731726 0.381089669634
640944 0.904900316052 0.25513552072
176535 0.870176809375 0.492201020531
182903 0.105093978894 0.00218740923897
40452 0.943336614289 0.893678466345
526816 0.245643181937 0.413589583846
616402 0.935533167633 0.438212292225
308553 0.922044063284 0.209770865069
447190 0.825207685576 0.82921938568
752715 0.295711117546 0.803989121104
576007 0.807757837997 0.903376992238
744652 0.252766069654 0.844625938914
555145 0.561475984337 0.135620131481
165468 0.192959325138 0.0386996527469
241342 0.161421219359 0.653315666373
841555 0.741967276763 0.430195441923
262373 0.81725924772 0.394436142142
382190 0.62202247992 0.541668047856
612829 0.363692328805 0.124150193138
917265 0.253274150814 0.436860912851
223860 0.353903457895 0.507338546202
783859 0.813464995908 0.358349703689
906538 0.168728283865 0.550105520127
473124 0.100683591791 0.798901019995
709068 0.622429926966 0.381761359117
591659 0.563465621232 0.501394936948
596765 0.790369033504 0.434797445025
29689 0.0525222506465 0.719152143085
778246 0.76973634694 0.682860831471
519145 0.905740795618 0.363054508287
656676 0.309836478002 0.97131697925
493530 0.288543285219 0.212400066987
258654 0.745120970701 0.162689200392
203898 0.970579485088 0.400800046549
501192 0.997202848997 0.796612387371
574922 0.963970168315 0.900501044907
391043 0.815512537881 0.921435767426
851442 0.810284283516 0.302986927517
555718 0.553463048581 0.840267864589
552599 0.65226651058 0.126284300068
140491 0.0266690862708 0.563363669787
797867 0.512490524315 0.646391672438
667665 0.65327036572 0.43919010837
330687 0.135741092108 0.366218143953
364905 0.64622050541 0.897065724782
556281 0.951821193235 0.496166411271
955045 0.777725500052 0.701811147758
678239 0.968029892635 0.875258075438
202202 0.485044986514 0.304644436885
486304 0.258932916666 0.651321493705
425130 0.824351751058 0.916551189774
317281 0.56559499015 0.852805837009
979748 0.6889331804 0.0865959950342
509149 0.737909988086 0.225321117248
909860 0.69223628337 0.333014603845
91210 0.780938795951 0.142773399784
242544 0.103105831778 0.148636929964
820762 0.851101430414 0.706232324388
228871 0.397369357401 0.673752380778
397580 0.00221210907447 0.77109243336
1067013 0.437627836647 0.338669650513
375912 0.892826900117 0.146969267775
482862 0.0333961654323 0.191317791111
793165 0.916633972665 0.274489785132
787277 0.339596874813 0.341455045495
590693 0.789199839619 0.0779614507798
18173 0.685426121417 0.410251737143
643266 0.591713850143 0.76103628326
871315 0.838429781655 0.163697324353
65593 0.66050419248 0.774902066174
573860 0.392198874757 0.623784907229
304188 0.68369806172 0.144885485728
886134 0.925763654109 0.868198181464
970541 0.865812514868 0.790409427717
821248 0.592763464928 0.929440114481
70546 0.934562844439 0.523155951218
727141 0.0174133168674 0.330926418658
166323 0.52689335612 0.0497996620732
20824 0.9052004183 0.279622147805
654404 0.38974259813 0.400215041237
293485 0.221353874008 0.100633921999
313449 0.160887420339 0.247567301137
910745 0.935201776665 0.232525612331
179669 0.437155281702 0.139381462606
547020 0.158692482881 0.866234674395
95183 0.340769954914 0.671783666177
1068963 0.617298624842 0.638862053883
376441 0.423731363432 0.753241358463
395728 0.184961973279 0.779195780147
406353 0.727139418669 0.827965576428
1140718 0.812677691063 0.595870116484
433465 0.758848325494 0.728378117316
569534 0.558087370206 0.737277453596
954037 0.541550591952 0.256602768063
159276 0.643126884293 0.43846000565
189645 0.683293687372 0.197755254753
126907 0.36444832256 1.58853705692e-05
51673 0.395666073771 0.737019579179
1155240 0.506329683919 0.543819066591
809857 0.707649629256 0.883518758943
219688 0.577116323295 0.345984928732
385972 0.848057133328 0.48979533626
985768 0.0101319120214 0.0233292635124
745956 0.402749290729 0.46589894724
1021056 0.0604414816695 0.224283030557
611091 0.642500703747 0.593847132405
763849 0.425367465971 0.624396160086
862602 0.300248714331 0.844879379293
95177 0.818216312878 0.869477626433
400811 0.477713536058 0.832859776512
312210 0.123603468033 0.537237084625
317496 0.554979057245 0.934389664244
1184862 0.87726322822 0.165510136941
22907 0.238336948489 0.982744889997
1217848 0.0154568938947 0.0458926425239
15360 0.222776821286 0.893170526705
1267987 0.228760922377 0.570702088313
1099948 0.187091246233 0.255929002269
1002119 0.27820240555 0.479120048283
896012 0.533881687105 0.132318587434
773643 0.754699037491 0.807695524178
1197449 0.626549671026 0.572313553991
84654 0.593202108721 0.951849084288
1037244 0.276216386229 0.168481917047
1287601 0.568409937219 0.283151142493
887592 0.755106228703 0.0572215437131
159918 0.928903120327 0.0417749856402
623822 0.440812683422 0.879813357779
58610 0.144692171298 0.157157240275
361712 0.987567582015 0.782826632512
137421 0.430900176482 0.157419369724
1323114 0.93255569706 0.326000887085
870266 0.92317061398 0.786538059772
1243644 0.956917273772 0.488721310847
1260909 0.923776165494 0.986243640274
1227989 0.450664357528 0.621019432349
909989 0.797775527701 0.851487709066
378087 0.166884205646 0.489597176826
991568 0.786629619636 0.417991945834
1190361 0.611446448889 0.0663247783588
151058 0.616293166531 0.923559004372
281034 0.717063914045 0.118283665988
146679 0.681647655508 0.790709630317
20048 0.866862248298 0.522657506696
1351217 0.707421946263 0.361834500725
59379 0.0297668760093 0.850576116736
737446 0.202442947538 0.358358910096
982486 0.628321632521 0.355416411582
233094 0.653862721952 0.705158228129
1335928 0.279716950993 0.855283691909
1346384 0.12183896549 0.837725492633
602047 0.809337113927 0.434692933042
743978 0.717788436068 0.339888684982
112662 0.749679415342 0.96549658659
1029566 0.170463894222 0.613390147785
1432175 0.203487536288 0.495783545316
930617 0.772687617645 0.30369692567
693525 0.694726352543 0.709984564511
790656 0.116460639998 0.954231229679
1463874 0.0779782182799 0.402591552499
368733 0.622124709871 0.433728027292
412617 0.376948088754 0.817442121807
777603 0.731282323819 0.358878894919
965553 0.965979946998 0.985586907231
806086 0.683950668716 0.628668334895
105168 0.809430993602 0.459761981877
542694 0.129041571771 0.581337366716
968393 0.0890765665911 0.927935107227
236479 0.399769060691 0.769031922738
1339558 0.21415666661 0.119560986709
1064872 0.676671865574 0.260803033825
1327364 0.546833463241 0.528812265208
1462678 0.944424199683 0.78052277586
786076 0.941079110963 0.318049932752
1516823 0.965264451044 0.858146433126
1221118 0.84337233138 0.1718539207
255915 0.854041026222 0.859486730953
1298443 0.955642032425 0.02101580587
338025 0.273299434888 0.507443108074
905169 0.00682743540727 0.810836273768
837733 0.650553317691 0.843567922857
880200 0.529974440812 0.65696630823
555212 0.241515612625 0.309741123613
1145948 0.961509559934 0.291759555289
274439 0.834602077514 0.88504700795
209841 0.135519133359 0.045908385749
522070 0.949807341643 0.0581692775614
1324692 0.34701572591 0.888138443553
371269 0.791087340103 0.243421384366
413908 0.781189787753 0.513727812467
1258463 0.3899534092 0.734820814484
1674078 0.625307610025 0.362548936931
449005 0.382481326987 0.47084490803
988125 0.932895932393 0.705879716722
1409999 0.326322012615 0.233838822266
1145897 0.431190362906 0.799331824837
1417537 0.444849998343 0.346912692898
847517 0.778312260489 0.0423382906994
1264669 0.0287064497003 0.986537701138
200153 0.712648438619 0.280531402703
1391563 0.125194767865 0.826126640398
242107 0.755695951832 0.690261777323
1202630 0.71406817272 0.79057571579
1529332 0.146975653788 0.74098720938
117577 0.81273629618 0.913291508727
477099 0.897106298475 0.767692315025
1446180 0.704684645988 0.213700353532
1675086 0.69497138388 0.0021128775042
907334 0.719944630652 0.197955206726
1332009 0.791351682274 0.135527697413
839626 0.153273099496 0.0728858325202
1438409 0.637218236123 0.0378382002654
803403 0.141554724088 0.687766589021
1344210 0.639496678368 0.233273484283
1249300 0.738682295259 0.741663020134
1521040 0.0216408005027 0.592158966286
1705065 0.616290748716 0.172688726538
1216925 0.547583006198 0.136463881691
259881 0.517701012318 0.632654524187
1319521 0.951335692632 0.408190044501
1421565 0.681073251066 0.587790364383
928465 0.52940000113 0.112994237899
1153727 0.741370050998 0.905644119514
47081 0.994197560654 0.548165614065
154885 0.57791908994 0.278419951075
891586 0.283966209585 0.454360567269
199828 0.652644099844 0.673935553445
1063508 0.311447303375 0.00826118873485
69785 0.642634846582 0.698274406212
1230363 0.315643390063 0.0578735764358
192095 0.703446172349 0.933310524577
1329560 0.936197695817 0.283915403769
1278256 0.460843065148 0.670248292276
953083 0.308916153866 0.723136817283
304670 0.363010249753 0.667756401433
2095765 0.0123920882103 0.780043703617
1362804 0.201788152297 0.667478593473
337268 0.432107244424 0.108615526694
1252561 0.0297417186441 0.537921838146
927354 0.932443612996 0.0636140277064
1409170 0.700783432201 0.625227422524
1391435 0.604442575973 0.67482303405
893739 0.735515543255 0.274424499891
1886551 0.188019845346 0.430623060073
1169209 0.524945068848 0.924597362254
61553 0.543717362591 0.0571585040082
910540 0.92577242813 0.660515142169
2657526 0.906279870813 0.477993941023
2274043 0.163194305184 0.488485730579
1894558 0.641435625672 0.611262172843
2279576 0.311328355136 0.940225152692
1617971 0.53045088378 0.508122643417
584174 0.421659601975 0.322383509551
2158503 0.638932222513 0.123033556229
2259499 0.458863984284 0.296965663959
836363 0.508077559228 0.908089006228
2802395 0.0737108184187 0.895689108848
2638567 0.393688627158 0.660241046664
12198 0.219583970755 0.597374732216
654362 0.347480986221 0.9571225072
544772 0.511625483869 0.902404225422
3410978 0.79224646771 0.852972369934
1276399 0.394018335556 0.945693479163
2403058 0.878505210465 0.591973535593
18861 0.827560050929 0.792119584678
1642573 0.0534437856279 0.337472114976
3678418 0.600165800096 0.0968311855744
2552750 0.806524890344 0.757108832175
1224568 0.492677150742 0.547603395443
1747320 0.104432247552 0.396825185266
1074802 0.692641263388 0.446297005842
940444 0.13473602894 0.449071018339
1695342 0.0982698385625 0.198801977255
1093169 0.741203941839 0.118518938164
1051706 0.148652882979 0.827272582626
3011974 0.118232395375 0.183439186249
2408677 0.32978320695 0.0739076072614
2418499 0.697533600784 0.923550349995
522145 0.991431567723 0.114059718485
3288689 0.44756949684 0.57432058125
1911592 0.186180634409 0.839662104913
478893 0.0478069814045 0.511893206536
3202636 0.0861689430986 0.137480665243
2720363 0.474019395863 0.850909716729
3134260 0.561488206967 0.353674087406
