5 15
3058 13070 505.713032 39.629606
2886 5224 136.894393 58.191172
3235 12916 558.892939 414.393003
3011 3867 683.442924 488.760021
3013 3381 202.192253 385.919657
928 0.946902 0.837781
2748 0.733926 0.717202
741 0.205445 0.242561
945 0.398594 0.496157
968 0.494041 0.408599
256 0.452871 0.382815
822 0.155824 0.306748
748 0.773722 0.014707
1504 0.925048 0.792715
4869 0.050571 0.828876
3714 0.861618 0.451028
374 0.833191 0.324633
1737 0.529520 0.430286
3858 0.326673 0.388513
1529 0.014590 0.581270
