633611.83823758923
0 779 1454 1501 1990 2223 2726 2808 4406 5696 6229 6621 6751 
1 892 1072 2481 3588 4114 5342 5652 6322 7023 7224 7722 7855 
3 412 625 966 2666 3160 5713 7537 
4 776 1030 1418 3296 4560 4648 
5 70 354 446 646 2498 2934 3936 4092 4722 5597 5653 5724 6243 6846 7090 7652 
6 365 434 462 670 945 963 1198 1494 1547 1652 1682 2180 3459 3502 3549 4207 4281 4529 4634 4854 5298 6277 6350 6695 7027 7151 7691 
7 276 347 430 1571 1662 1681 2387 3148 3246 3400 3457 4138 4188 4274 4878 5005 5085 5424 5515 5690 5906 6241 7413 7592 7796 
8 1298 1608 2049 2294 3182 3465 3554 3921 6597 6801 7491 7763 
9 777 827 1035 1045 1522 1811 1819 2408 2516 2754 3227 3312 3594 3610 3710 3718 3867 4395 4804 4983 5207 5910 6001 6153 6796 6868 6880 7140 7449 7671 7775 
10 556 653 1161 1456 1907 3580 3738 3968 4466 5474 6352 7696 
11 1746 2111 2471 2853 5224 6032 
12 81 358 582 609 652 687 876 885 890 1865 1930 2599 3239 4396 4578 4604 4732 5331 5469 6221 6320 6496 6734 7183 7480 
13 592 619 664 735 767 915 1047 1140 1535 1782 1786 1802 1812 2048 2149 2262 2774 2894 3067 3172 3275 3669 3912 4161 4215 4237 4257 4275 4334 4453 4586 4696 4725 4958 4966 5078 5080 5552 6326 6458 6642 6669 6808 6995 7037 7118 7263 7392 7455 
14 241 531 681 711 913 984 1066 1078 1149 1234 2534 2615 2975 3195 3499 3923 3934 4289 4516 4659 5161 6216 6914 7307 7411 7471 
15 337 554 610 1040 1270 1294 1564 1698 2057 2559 2587 2733 3081 3525 4013 4082 4110 4993 5290 5554 5582 6785 
16 181 1431 1603 1873 1966 2012 2783 2968 3339 3529 3929 4492 4618 5251 5734 6072 6735 6781 7055 7717 7847 
17 1083 1119 1376 1749 2084 2678 3743 3904 3911 4519 4795 5188 5374 7064 7468 7655 
18 450 1190 1679 2131 3546 4305 4597 5209 5262 5447 5638 7129 7287 7378 7746 
19 243 972 1981 4095 4112 4304 4785 5591 5882 6088 6454 
22 263 797 3018 3430 3707 3856 6240 6369 7040 
23 33 86 879 1103 1815 5281 5796 6404 6491 7735 
24 1550 1933 2383 2741 4251 4912 5248 5916 
26 503 621 898 976 1170 1220 1396 1541 1902 1937 2219 3233 3769 4147 4370 5482 6050 6720 6774 6847 7220 7369 7864 
27 30 202 205 1489 2154 3150 3795 4232 4698 6082 6298 6792 7131 
28 116 203 484 917 932 1245 1504 1549 1673 2035 2196 2287 2382 2505 2590 2796 2829 2980 4787 4807 5164 5275 5599 5868 5907 6279 6778 7150 
30 330 375 470 2404 2848 2956 3258 3975 6824 7198 7831 
31 218 231 471 601 1302 1490 1721 1792 2399 2572 2646 2874 2920 3261 3326 4026 4266 4380 4431 4494 4673 4777 4821 4856 4989 5383 5669 5699 5767 5849 6085 6252 6383 6818 6959 7074 7084 7208 7254 7425 7542 7572 
32 283 1337 1355 1826 1831 1863 2173 2675 2706 2721 3142 3325 3547 3859 5483 5651 5695 5901 5928 6578 6633 6966 7423 
33 724 982 1169 1827 1980 2822 2890 3237 3359 3569 3578 3755 4025 4563 4929 4953 5013 5496 5795 6103 6794 6853 7329 7526 7654 
34 341 623 685 996 1024 1201 1918 2159 2727 2772 2857 2872 3130 3217 3818 4769 5362 5377 5600 5803 5912 6615 7552 
35 1495 3414 3598 3858 4600 4909 5198 5992 
36 150 156 233 488 1366 1936 2566 3541 3611 3831 4048 4319 4377 4612 5376 6486 6888 7665 
37 394 398 2211 3801 5609 6194 6390 7217 7402 7513 
38 248 800 1553 3378 3652 4979 
39 889 2465 4146 5150 5962 6489 7664 
40 191 640 1080 1664 2595 5056 6267 6677 7022 7250 7744 
41 598 1923 1964 2352 2697 4435 5242 5580 5612 6979 7049 7361 
42 1087 1502 1658 3626 4770 7230 
43 918 1427 1613 1728 1743 2720 5701 6448 
44 692 722 820 1134 1405 1591 2018 2291 2969 4344 4585 5981 6573 7104 7267 
45 213 401 2235 2445 2889 3920 6848 6948 
46 396 469 573 602 688 806 989 1162 1232 1498 1722 1755 1836 1897 1946 1952 1963 2004 2007 2146 2197 2391 2497 2525 2542 2900 2904 3011 3122 3133 3316 3426 3792 3802 3882 4067 4130 4413 4645 4747 4782 4930 5075 5100 5369 5954 5967 6089 6356 6397 6435 6522 6790 6893 7121 7270 7283 7377 7379 7383 7516 7586 7713 7874 
48 678 1558 1824 2871 3025 3410 3621 3649 3940 4199 4531 4636 5166 5347 6504 6767 7235 7260 7582 
49 69 238 498 731 766 798 978 992 1091 1179 1246 1430 1479 1785 2077 2171 2385 2444 2451 2457 2702 2834 3376 3620 3632 3736 3757 3878 3895 3942 4014 4224 4240 4340 4420 4674 5133 5247 5268 5282 5503 5569 5607 5643 5668 5762 5989 6199 6258 6312 6316 6618 6668 6806 6887 7024 7091 7505 7600 7640 7851 
50 1422 2064 2317 4022 4091 4330 
51 65 631 634 1271 1475 2824 3353 3391 4356 5003 6692 7807 
52 235 595 1136 1359 1675 1856 2060 2140 2222 2247 2305 2366 3020 3042 3658 3700 3760 3995 4525 4681 5051 5473 5632 5786 5829 6106 6131 6173 6727 7634 7782 
53 2283 2344 3930 4238 4358 4456 5339 5764 6817 7395 7408 
54 267 559 934 955 967 1258 1477 1572 2097 2327 2864 2941 2992 3144 3330 3345 3648 4142 4176 4234 4400 4774 5032 5093 5096 5839 5921 6065 6254 6273 6513 6589 7000 7165 7319 7602 
55 1781 1806 1938 2157 3098 4083 4211 4307 5809 6566 6569 7761 
56 402 1399 1465 3528 6535 
57 905 1121 1155 2019 2213 2442 2950 3877 4602 5159 6009 6313 6687 
59 413 3303 5925 5953 6077 6505 7787 
60 536 1240 1251 2244 2984 4527 4875 6833 7511 
61 8 2613 4693 4734 5593 6524 6718 7234 7269 7517 
62 3241 4726 4923 5604 5642 5818 
63 1312 1733 2594 4607 5994 
64 188 228 980 1063 1526 1577 1628 1928 2349 2522 2574 2768 2779 2823 2867 3333 3590 5419 5449 5457 5846 5936 6161 6244 6296 6702 6963 7018 7038 7188 7398 7464 7487 
65 125 1347 3032 3131 4104 4158 6206 6632 7362 7685 
66 506 850 1120 1257 4994 5966 7686 
67 750 833 1448 1519 1773 2155 2589 3642 3970 3998 5336 6384 6678 7415 7495 7620 
68 2308 3209 3840 4742 5252 
69 616 1261 1528 1767 2203 2371 2468 2715 5197 5561 6259 6452 6907 7756 
71 101 221 239 801 1267 1291 1395 1912 2031 2614 3238 3631 3645 3758 4388 4401 4443 4575 4611 4763 4764 4852 5008 5029 5236 5238 5963 6190 6529 6666 6671 6753 6931 7072 7170 7662 7778 
72 804 2321 6783 
73 108 353 1023 1043 1210 2815 3419 3886 4692 6038 6403 
74 1461 2263 3509 4093 4204 5808 6315 7013 7627 
75 67 682 1157 3016 3113 3866 5423 6205 7385 
76 114 1948 2021 3189 3510 3779 4536 5128 5971 7830 
77 897 1266 1763 1943 2255 2654 2833 3901 4094 4156 4760 5140 5570 5708 5904 6664 7323 7342 7504 
78 567 837 1304 3210 4369 4664 
79 298 761 3530 4042 4630 5021 5583 5898 6067 6558 
80 1058 1492 1807 2447 3944 6421 6949 
81 72 1516 2869 3723 4311 4766 4866 5105 5108 6027 6282 6412 6799 7259 
82 95 177 2238 2434 2806 3083 3116 3947 4643 5060 6336 7285 7474 7625 7838 
83 43 287 3009 3676 3952 6362 
85 285 324 1000 1042 1336 2037 2825 2945 3407 3492 3756 4209 5464 7225 7452 7667 
86 56 82 165 242 701 921 1745 2072 2448 2878 3015 4027 4421 4621 5326 5983 
87 1014 1181 1316 1793 4053 4219 4931 6660 6871 
88 230 406 547 1125 1590 2249 2372 2681 3425 3672 3817 3871 4008 4121 4162 4998 5121 5141 5489 5536 5617 5635 5664 5822 6167 6679 6843 7470 
89 384 538 862 1084 2212 2502 6926 7476 
90 1742 2177 2278 2395 3614 7821 
91 317 771 1371 1903 
92 106 249 313 410 535 1129 1369 1472 1584 1904 2160 2170 2186 2490 2718 3021 3048 3049 3088 3230 3393 3605 3671 3850 3868 4023 4049 4069 4125 4288 4914 4964 5154 5240 5436 5531 5616 5640 5736 5955 5973 6031 6231 6284 6492 7466 
94 26 1256 2489 2858 3101 3624 3630 3887 3922 5267 5867 6215 6471 6757 7065 7164 7327 
95 66 1653 1893 3038 3056 3143 3501 3693 4054 4376 5379 5543 5598 6052 6359 6639 6670 7403 7436 7437 7616 
96 1887 2508 2987 3266 3863 4333 7810 
97 584 590 2162 3523 5595 6777 7114 
98 134 374 445 1254 1600 1961 3068 3367 3518 5126 5186 5492 5495 7148 7482 
99 117 198 1009 1578 1610 1680 2234 4450 6084 7299 
100 444 2185 6814 7456 
101 85 744 997 1661 2199 2334 2432 4946 5097 5285 6531 
102 3318 3550 4794 5273 6804 
103 1089 1434 2133 4225 4707 6515 7190 
104 261 290 541 783 1123 3730 3939 3964 6233 7020 
105 89 328 2693 2800 3278 3445 3869 4806 5410 5725 
106 105 382 400 795 906 931 1008 1100 1147 1647 1744 2063 2320 2520 2575 2850 2897 2940 3647 3784 4102 4133 4261 4765 4842 5079 5325 5354 5568 6165 6500 6619 6730 7571 7709 
107 1180 2218 2537 2598 3216 4893 5043 5179 5813 5861 6097 6391 6517 7852 
108 360 583 638 1367 1777 2264 2966 3259 3706 4212 4824 5178 5338 5499 5858 6410 6610 6665 7292 7605 
109 764 1832 1945 2368 2708 4036 5711 6445 7560 
110 1033 1563 1848 2163 2660 4314 4484 4709 4984 6455 
111 1729 2406 2663 3653 4803 
112 645 916 3783 4895 5391 6266 6543 7002 7712 
113 502 1324 1740 2506 2752 4655 4694 5193 6479 6941 7424 7834 
114 1389 1790 3126 3770 3845 4418 4660 5634 
115 333 1458 2100 7401 7612 
116 4 487 729 742 1585 3504 3660 5256 6200 6220 7562 
118 620 2038 3253 4233 4755 6134 
119 1132 1402 2052 2314 2507 2856 4116 4245 4477 4579 5231 5712 6137 6301 7433 
120 3291 3675 4360 7168 7241 
121 1529 2355 3581 5472 5559 7360 
122 312 581 832 1533 2603 3691 4402 5781 5842 5942 6004 7679 
124 1496 4485 4596 5279 6707 7773 
125 38 647 831 1525 1688 2205 2364 2558 2642 2705 2983 3434 4298 4322 4367 4427 5176 5200 5506 5537 5850 6396 6401 6614 7427 7488 
126 658 661 903 983 1110 1360 1554 1934 2054 2114 2167 2242 2288 2556 2717 3308 3366 3514 3515 3646 3803 4032 4076 4337 4721 4751 4830 4932 5114 5234 5319 5614 5759 5760 5863 5958 6120 6344 6463 6884 7087 7175 7237 7262 7284 7317 7375 7607 7697 7732 7785 
127 1668 3548 3823 5090 5530 5945 6281 7501 
128 736 1026 3022 3240 4248 5857 6295 6746 7858 
129 1017 1096 1471 2003 2298 2300 2688 2722 2794 2881 3619 3805 3902 4445 4827 5104 5127 5438 5575 6366 6490 6579 6919 7181 7416 7497 
130 18 48 1521 2665 6286 6704 7733 7805 
131 1707 2005 5245 6468 7556 7690 
132 215 371 1344 1825 2239 2414 3498 5001 5522 6008 6651 6923 
133 59 64 838 1073 1286 1789 2346 2760 3176 3405 3721 3841 3843 3926 3933 4021 4444 4907 5050 5539 5773 5811 5965 6209 7096 7331 7706 
134 255 342 669 811 869 1645 1898 2511 2661 2744 3071 3190 3411 3722 4296 4467 4683 4728 4792 4916 5044 5459 5524 5758 6095 6261 6263 6358 6617 7282 7431 7440 7765 7850 
135 680 763 2020 3617 3685 4644 5540 6556 6798 7177 7676 
136 307 2700 3129 3429 5900 7211 7346 
138 1710 2166 2325 2854 4773 5253 
140 392 563 802 873 1082 1205 2070 2455 3352 3794 3946 4038 4539 4699 5717 6210 6268 6991 7335 7341 7421 7878 
141 895 1237 1622 2009 2301 3310 5229 5278 7268 
142 62 71 111 232 524 1305 2145 2905 3844 4005 4617 4637 4724 4937 5089 5201 5529 6181 7347 
143 135 192 942 1175 1474 1813 4433 5498 6127 
144 754 946 1185 1617 1878 2496 2538 2620 2764 2818 2977 3197 3444 3586 3916 4105 4690 4704 5676 5726 5890 6024 6104 6208 6431 6673 6786 7145 7353 7460 7631 
145 416 648 721 745 1050 1060 1105 1111 1269 1486 1631 1858 2043 2215 2413 3409 3535 3604 4292 4605 4610 5061 5086 5488 5541 5626 5784 5944 6251 6544 6603 6629 6631 6716 6842 6879 7147 7161 7404 7441 7772 7841 7856 
147 25 393 949 1016 1444 2329 2632 2812 3282 3412 3656 4062 4752 5301 5629 5693 5947 6016 6636 6856 7428 
148 281 880 1088 1747 3295 4262 7742 
149 166 302 421 703 863 1076 1284 1331 2233 2578 2916 3001 3059 4297 4702 5353 5763 6726 7127 
151 695 882 1126 1221 3090 3565 3815 4997 5802 6061 7406 7760 
152 1212 1839 2216 2309 2766 4850 6592 6600 
154 112 323 1409 1442 1517 2694 2699 2994 3790 4078 4099 4325 4378 4832 6217 6499 6655 7044 
156 2284 3874 5250 5932 6185 6536 6567 7026 
157 373 700 726 1116 1391 1636 1686 4908 
159 1051 2458 2862 4701 5737 6816 
160 1850 2098 2122 3035 4124 4182 5158 5357 5644 5924 6130 6191 7045 7197 
161 1524 2682 2787 3250 3512 3827 4561 4716 5306 5742 6820 6973 
163 75 928 1242 3185 3205 3899 4226 4786 
165 100 200 730 861 919 2401 2459 2686 2935 3753 4081 4727 5793 6411 6855 6935 7196 7272 
166 184 1641 2151 2925 3249 3277 4513 4647 
167 3336 3702 3759 5214 5284 5421 6745 6877 7099 7326 
168 2363 4967 6725 7567 7745 7832 
169 118 733 3166 3218 3479 3572 3713 3935 4136 4968 5943 
170 13 381 475 855 964 1447 1648 1974 2337 2820 2826 3198 3483 3592 3690 4084 4179 4411 4951 5099 5153 5263 5420 6150 6306 6381 6545 6549 6688 7510 7524 7863 
171 129 1508 1539 1644 2486 2691 3969 3987 4210 4849 4876 5297 5461 5855 6365 6481 7182 7683 7725 7748 7881 
172 591 1310 2418 7201 7624 
173 1061 1307 1925 1996 2586 4510 5302 5615 5975 7419 
174 1297 1560 3368 3579 3587 4633 4863 5192 5334 7047 
175 994 1810 1944 3286 3369 3482 3491 4570 6405 6525 7033 7465 7639 7669 7672 
176 7 162 1019 2112 2655 4035 4052 5299 6928 7094 7115 7133 
177 817 1065 1069 2087 2217 3679 3731 4285 4488 4671 5167 5404 5705 6379 6409 7141 7721 7808 
178 1435 2767 5311 
179 185 216 514 959 1278 1481 1989 2068 2777 3534 3732 3789 3879 4061 4447 4708 4857 5348 6060 6330 6540 6686 7337 7368 7626 
180 428 657 2684 3905 3927 3962 4459 6075 6827 7092 7729 7794 
181 607 1152 4157 4526 4730 5026 5028 6147 7212 
182 4883 5346 5733 7779 
183 376 460 871 1666 1879 3452 5641 5716 
184 533 665 1544 1739 1780 1860 2240 3014 3689 3763 4955 4970 5720 6708 6738 6916 7028 7636 
185 338 1538 1889 2524 4015 4132 4573 5619 6025 6347 
186 1883 2690 2913 3040 4019 4834 
187 305 697 759 848 962 1884 3069 3396 3441 3618 4088 4143 4246 4338 4543 4603 4632 5103 5969 6269 6370 6997 7142 7642 
188 28 717 3545 3739 4072 4149 
189 252 2189 2229 2579 3421 3561 4461 4823 6782 7795 7817 
190 379 1892 5177 5340 6869 7701 7786 
191 223 1655 1808 3028 3522 3839 3889 6297 
192 196 418 492 993 1005 1022 1642 2056 2637 2859 3200 3271 3395 4141 4317 4987 5006 5208 5475 5518 5920 6002 6135 6460 6894 6922 7120 7135 7546 7577 
193 714 2047 2819 2906 3121 3471 3891 4065 5491 5743 6950 7101 
194 272 2782 4295 6416 
195 411 1164 1171 1597 3810 4198 5289 5352 5777 5933 7185 7860 
196 362 527 611 1095 1208 1230 1416 2316 2326 2531 2585 2643 2696 2887 2970 3776 3864 3898 4001 4126 4642 5081 5321 5452 5678 5827 5935 6207 6250 6433 6863 6958 7132 7290 7312 7446 7610 
197 2188 3269 4206 4772 4858 5152 5526 7186 7579 
198 124 774 1049 1986 2561 2985 3468 4554 4750 6924 7606 
201 386 1281 1484 2581 5396 5605 5657 6021 7370 7781 
203 762 2847 4000 4496 6168 6667 6961 7682 
204 304 2016 2600 3096 4623 4743 5405 5458 6123 6988 7354 
205 289 349 525 633 644 749 1339 1378 1393 1404 1592 1823 2178 2277 2416 2732 2903 2998 3154 3372 3600 3680 3945 4214 4936 5111 5148 5269 5305 5702 5746 5804 5918 5957 6380 6386 6398 6507 6839 6999 7070 7126 7209 7348 7485 7815 
206 3697 4571 4859 5866 
207 210 1814 1822 2141 4355 4670 5845 6354 6626 6737 7534 
208 1346 2279 3132 5427 5761 6832 6860 7659 
209 437 575 1363 4969 5450 5633 5884 6118 6883 7527 
210 1217 1702 4507 5560 5792 6910 
211 757 1542 1801 1855 2010 2388 2514 3017 3778 5259 5628 5738 5815 6114 6559 6927 
212 2499 2740 3061 3860 4217 4252 4390 5611 6083 7257 7688 
213 296 316 632 1265 2310 2901 3473 4776 5358 5448 5486 5968 5970 6036 6323 6571 6622 6982 7261 
214 397 419 778 979 1500 1872 2000 3203 3557 3616 3643 4299 4836 5047 5333 5710 5825 5909 6329 6508 6722 
215 6 226 293 877 1115 1392 1433 1581 1596 1730 1932 2062 2099 2261 2345 2554 2907 2995 2999 3149 3633 4173 4265 4520 5364 5888 6473 6672 7012 7731 7880 
217 102 2775 2924 3601 4059 6086 6278 6970 7447 
218 153 865 1318 1803 1869 2765 4293 4424 4897 5363 
219 5 167 355 359 457 516 612 758 1097 1915 2042 2462 2548 2621 3354 3793 3976 3986 4060 4113 4364 4591 4956 4962 5562 5875 5876 5959 6335 6432 6637 6681 6752 6755 7563 7589 
220 649 836 1485 2226 2423 2476 2838 2918 3309 3427 3488 3665 4415 4416 5400 5409 5433 5732 5791 6136 6139 6246 6715 6986 
221 259 509 660 1348 1401 1407 1762 2319 2509 2891 3221 3402 3508 3984 4020 4197 4446 4574 4622 4740 4818 5505 5512 6179 6203 6440 6561 7584 7854 7871 
222 132 262 500 615 618 841 985 1032 1068 1117 1388 1421 1594 1670 1931 2069 2130 2357 2436 2539 3168 3177 3462 3566 3609 3989 4003 4186 4328 4442 4473 4482 4810 5222 5322 5328 5549 5566 5896 6014 6045 6080 6121 6198 6272 7112 7218 7842 
223 138 474 824 1441 1805 1809 5477 5923 6428 
224 438 1300 2139 2653 3003 5799 
225 2347 2677 4905 6387 7463 
226 73 189 496 713 1639 1816 2809 4498 6247 7623 
227 579 1235 1635 1853 2172 2477 3573 3599 3698 4016 4913 6339 6648 6663 6822 7740 
228 369 603 2529 4230 5147 6952 7508 7559 
229 229 319 1189 1587 2017 2032 2034 2405 2672 2947 4512 4598 4667 5010 5042 5723 6520 6654 6791 6972 7315 7324 7561 7590 
230 115 1995 2492 2593 3965 4745 4754 4874 5027 5441 5905 6071 6119 6182 6225 6823 
231 2245 3223 3403 
232 41 224 264 311 326 617 782 807 866 902 1145 1173 1184 1231 1277 1718 1868 2039 2136 2230 2257 2584 2606 2657 2687 2845 3043 3317 3458 3544 3804 4386 4430 4490 4565 4567 4700 4816 4819 5046 5063 5071 5084 5139 5210 5215 5576 5621 6047 6459 6780 6852 6873 6896 7109 7179 7372 7382 7503 7507 7541 7789 7839 
233 68 1488 3443 3720 3910 4988 4999 5294 5493 6761 7861 
234 2738 4731 4950 
236 268 395 561 884 1154 1351 1696 2714 2780 3855 3892 4030 4524 5002 5453 6129 6177 6256 6345 7689 
237 339 956 1186 2250 2909 3196 4326 6193 6451 
238 552 676 2013 4653 5439 6895 7783 
239 629 909 1098 1684 2001 2028 2033 2281 2622 3124 3139 3158 3343 3346 3655 3701 4051 4705 4757 4835 4982 5372 5654 5751 5772 5915 6078 6133 6337 6364 6724 6802 6940 6968 6981 7309 7454 7648 7716 7734 
240 336 364 1555 1633 2545 3046 
241 775 1385 2231 2789 2953 3469 4788 5274 6033 6548 6714 6965 
242 719 788 1183 1334 2378 2571 3051 3526 3907 4428 4624 5686 6012 6830 7528 7764 7826 
243 587 1275 1975 2343 2671 5271 7622 
244 160 2228 2619 3401 5087 6890 
245 145 403 495 947 953 1094 1141 1333 1429 1665 1757 2252 2290 2704 2713 2736 3102 3872 4286 4399 4779 5202 5494 5754 5837 6053 6469 6583 6643 6936 7056 7202 7246 7494 7774 7790 
247 140 1455 3896 4925 5501 5785 5843 
248 19 151 391 821 3026 3553 3924 4033 4626 5206 6942 7240 
250 1007 1113 3315 3386 5314 5770 7496 7714 
251 914 1196 1358 2014 2313 2360 2821 2963 2997 3140 3156 4066 6175 6661 6828 7564 
252 1224 1602 1731 2839 3749 3788 3808 3832 4703 5355 5406 6527 7125 7879 
254 604 1438 2085 4465 5053 6560 
255 27 104 127 456 843 1515 2022 3496 4267 4426 4917 6584 7039 7389 7410 7641 7792 
256 266 269 501 523 557 672 1077 1118 1260 1340 1397 1537 1854 2626 2639 2674 2866 3019 3463 3478 3517 3606 3751 4229 4514 4898 4975 5038 5059 5239 5416 5735 6030 6079 6318 6488 6574 6611 6831 6920 6925 7321 7322 7628 
257 1567 2135 2358 3057 4503 4541 4577 5312 5881 6156 7523 
258 147 284 734 1343 1452 1874 1942 2540 3287 3377 3644 3796 4303 4662 4718 4791 4845 4853 5169 5189 5403 5510 6117 6138 6623 7174 7443 7813 
259 1919 3559 3884 4414 6977 
260 2485 2868 3222 3340 7741 
261 21 3064 3503 5223 
263 29 814 826 1013 1468 1606 2959 4620 4739 5848 6188 6242 
264 2762 3212 3314 3570 5076 5371 6211 6675 7816 
265 234 3072 5445 5782 6388 6530 6586 6902 
267 1338 1906 2863 4269 5592 7291 7615 
268 195 409 878 1867 2002 2570 2617 2807 3360 3500 3507 4139 4562 5844 6601 6644 
269 87 951 4168 7288 7417 
270 429 1250 1381 1569 1723 1828 2335 2695 2835 2876 2899 2936 3058 3262 3413 3628 3848 3897 3943 4115 4509 4538 4829 5065 5123 5440 5893 5960 6141 6162 6249 6310 6333 6457 6538 6899 7281 7545 
271 684 755 937 958 3754 4056 5055 5220 5535 6096 6372 6462 6969 7595 7633 7727 
272 92 2027 2236 3105 3781 3958 4108 5309 5520 7178 7356 7578 
273 1425 1738 2104 4903 6800 7598 
274 594 698 1225 2176 2479 3297 4590 4995 6659 
275 388 667 1279 1478 1699 2369 2389 2592 2836 2943 3039 3207 3461 4220 4312 4375 4457 4547 4890 4991 5295 5484 5514 5894 5895 5929 5952 6327 6341 6475 6542 6598 6683 6758 6821 6943 7210 7221 7273 7439 7448 7587 7869 
276 170 499 1028 1099 1109 1197 2024 2241 2266 2648 3489 4155 4171 4544 4901 5129 5292 5656 5836 6164 6402 6604 6674 6921 7245 7357 7608 
277 16 350 683 710 808 829 926 1029 1593 1624 2811 3077 3475 3807 4405 4592 4629 5381 5481 5624 5985 6017 6087 6509 6682 6696 6939 7166 7409 
278 22 329 874 1064 1093 1148 1432 1520 1552 1890 2116 2156 2191 2269 2438 2582 2651 2656 2911 3169 3574 3583 4192 4228 4247 4522 4781 4933 4947 5023 5162 5387 5401 5504 5659 5682 5832 5841 6180 6186 6376 6728 6740 7010 7661 
279 52 666 911 1193 1627 3065 3347 3747 4986 5117 5547 6023 6290 7799 
280 90 1398 1445 1939 3681 6437 7222 7657 
282 1226 1646 1720 2412 2528 3085 3263 3666 3849 4159 4178 6214 6430 
283 589 1259 2450 2564 4814 5631 
284 553 1044 1314 1659 1724 2183 2664 2942 3024 3715 3822 4861 4871 5101 5455 5630 5950 6028 6044 6930 7340 7351 7824 
285 823 1303 5602 6875 7103 7723 
286 929 1255 1440 1527 1663 1784 2110 2608 2616 2670 2962 3005 3161 3392 3564 3612 3865 4040 4100 4187 4213 4323 4327 4373 5034 5196 5509 6317 6360 6363 6719 6865 6989 7117 7119 7143 7432 7846 
287 1473 4458 6361 7249 
288 529 2426 2716 2735 3825 4079 4151 4666 4775 5344 6680 7876 
289 176 1039 1127 1420 1888 1917 2425 3120 3152 3311 3374 3381 3577 3830 3974 4236 4255 4483 5183 5199 5360 5361 5470 5794 5826 5917 6041 6163 6218 6693 6765 6903 7032 7325 7435 7770 7872 
290 222 254 431 673 1057 1222 1573 1954 2841 3956 4208 4593 5077 5394 6465 6575 6851 7017 7095 
291 96 1247 3184 3786 4844 4939 5276 7848 
292 760 888 1423 1588 3777 4271 4736 4738 5120 6293 
293 571 6443 7035 
294 477 846 1041 1374 1400 2510 2550 2631 3159 3183 5370 5385 6109 6294 6304 6353 6414 6788 6881 7082 7100 7232 7265 7490 7550 7576 7597 7827 
295 1677 1916 2898 3513 3767 3852 4497 4672 4753 5977 5978 6275 6658 6771 7228 
296 146 466 925 1165 2609 3188 3245 4502 6581 7136 7820 
297 175 1055 2753 3709 5722 6148 6819 6957 
298 440 4034 5359 5783 7236 
299 999 1239 2443 3137 3332 3416 3775 3977 4152 4384 6634 7780 
300 868 6954 7081 7762 
301 564 2475 2530 4306 4559 5787 7001 
303 743 3485 4417 
304 699 1556 3076 3086 3094 4628 4996 5070 6938 7058 7253 
305 549 904 922 1748 1895 2113 2207 2880 3981 4180 4191 4423 4533 4631 5507 5911 5930 6174 6213 6255 6276 6425 6528 6944 7388 7673 
306 659 1199 3045 3322 5142 5883 
307 256 545 651 923 1206 1229 1462 1609 1640 2125 2276 2973 3636 3745 4359 5227 5871 6197 6493 7034 7603 
308 368 1112 1637 1837 1910 2293 3358 6590 6657 
309 2440 3243 6616 7390 
311 508 1138 1263 1660 2225 2427 2751 2763 3959 4249 4300 4316 5395 6048 6107 6627 6837 7530 7591 7611 
312 899 2634 4184 
313 510 1188 1691 1764 1776 2460 2728 3382 3692 3712 5384 6102 6684 7015 
314 952 1166 1268 2402 3446 4463 5788 7248 7596 
315 378 818 1766 2208 2830 4439 5467 6302 7555 7814 
316 120 694 702 1160 1176 1559 2513 2685 3180 3231 3260 3348 3533 3966 4041 4372 4468 5257 5508 5800 5838 6844 7396 7519 7692 7747 
317 270 725 2773 2801 3371 3890 3938 5914 6125 6911 6985 7699 
318 852 2757 3289 3306 4235 4310 4837 5679 5976 6064 6171 6775 
319 426 950 987 1010 1163 2390 2433 3254 3257 3948 3993 4254 4341 4606 4790 4980 6201 6367 6382 6770 6913 7043 7314 
320 39 835 1352 1417 1891 1978 2367 3109 4825 5590 6900 6906 7330 7715 
321 94 142 566 1871 2483 5544 6248 6438 7426 
323 671 1605 1876 2770 4277 4432 5414 5462 5776 6176 6743 
324 55 753 957 1582 2168 2567 2923 3298 4127 4144 4663 4685 4771 4841 4877 5102 5134 5446 5757 6160 6285 6375 6690 6697 7113 7318 7520 7593 7649 7726 
325 483 2123 3734 4140 5045 
326 2710 4920 6700 
327 314 1901 4318 6594 6605 
328 399 1457 1783 2515 4280 5721 7154 
329 282 372 383 840 1213 2761 3356 3480 3861 5270 5596 6407 6712 6717 6754 7258 7313 7857 
330 159 485 643 2638 2926 3435 3663 4063 4614 
331 60 351 961 1139 3284 3454 4422 5460 5685 7644 
333 2232 2846 3107 3251 3725 5471 6456 6464 6480 6886 7005 7434 7707 
334 44 540 580 1142 1413 1841 2939 4070 4480 4744 6470 7068 7509 7809 
336 58 2193 2370 3476 4253 5779 
337 954 1282 1882 3002 3915 4868 5091 6768 
338 136 193 1619 2759 3103 4291 4412 5349 7870 
339 454 2597 3826 3893 4348 5203 5913 6124 7122 
341 173 473 768 792 847 907 910 1158 1387 1414 1460 1599 2102 2246 2315 2342 2376 2415 2466 2517 2562 2667 3087 3136 3162 3290 3363 3746 3880 4481 4717 4768 4928 4957 5110 5258 5367 5465 5551 5774 6377 6378 6764 6787 7030 7046 7681 7797 
342 3 197 2576 3147 4945 6020 6090 6501 7566 7730 
343 1436 1940 2689 4657 5246 
344 517 812 1700 3304 4135 7060 7617 
345 149 377 791 901 1167 1476 1499 2023 2703 3191 3236 3319 4469 4476 4678 5143 5606 5931 6145 6308 6763 6797 6834 7176 7214 7753 
346 15 1598 2523 2536 3146 4530 4625 5587 6630 7042 7289 
347 1236 1309 1838 2888 3931 4434 5058 5946 6093 6159 6864 7469 
348 291 1380 1667 1960 5511 7159 
349 1929 2055 2143 2384 2504 3453 4336 6355 7279 7514 
350 303 344 415 1583 2844 3276 4343 5112 7883 
351 109 214 639 825 1133 1612 2158 2267 2628 2884 2971 3560 3682 4557 4808 5225 5870 6108 6151 6300 6580 7298 7301 
352 1056 1252 1796 2227 2755 2855 3288 3960 4264 5073 5378 5684 6116 7862 
353 237 250 459 528 544 650 787 1020 1027 1233 1328 1513 2464 2817 2873 3013 3467 3728 3853 3883 4222 4244 4250 4315 4394 4784 5018 5052 5082 5317 5389 5443 5513 5639 5714 5816 5823 6029 6039 6187 6625 6766 6803 7063 7444 7478 7515 7580 
354 1285 2200 2612 4279 4379 
355 674 1323 1446 2917 3219 7149 7311 
356 204 480 679 780 1693 2058 2256 3060 3214 3662 6092 6482 7014 7475 7599 
357 481 596 1361 3494 4813 4846 
358 427 578 728 1765 1958 3111 4203 4470 4537 5454 5961 6054 6676 6701 7226 
359 356 447 448 520 1296 1759 1997 2724 3171 3486 4044 4715 4748 5429 5831 6292 6606 7366 
360 32 57 148 565 803 1437 1620 1840 2067 2341 2380 2758 3108 3551 3765 3913 5308 5563 5677 5750 5956 6346 6506 7016 7128 7276 7506 7670 
361 2165 4301 4564 5019 5663 6918 7192 7619 
362 1320 1985 4474 6534 
364 206 2729 2799 5014 5160 5538 6112 6439 6891 7264 
365 139 180 225 560 720 810 822 896 943 1290 1741 1797 1927 1950 2115 2274 2328 2518 2988 3089 3118 3678 3854 3914 3996 4111 4361 4714 4799 4815 4906 5033 5040 5066 5175 5217 5402 5585 5864 6234 6850 7008 7102 7111 7146 7223 7381 7400 7767 7776 
366 133 537 542 635 716 1223 1238 1551 1575 1834 2040 2658 2769 2798 2840 3008 3153 3244 3299 3797 3837 3900 4073 4227 4608 4706 4880 4972 5116 5125 5181 5228 5260 5428 6081 6588 6608 6699 6711 6946 7075 7252 7295 7344 7430 7573 
367 491 1350 3324 6283 6596 7638 7695 
368 80 154 201 548 707 940 973 1079 1191 1311 1692 1726 2008 2045 2086 2187 2258 2338 2374 2519 2543 2625 2707 2797 2861 2952 2978 3054 3079 3248 3341 3470 3531 3703 3719 3724 3742 3761 4160 4273 4357 4540 4713 4843 4882 4886 5171 5185 5195 5434 5527 5545 5674 5919 6146 6236 6253 6303 6423 6521 6612 6656 6732 6845 6876 6882 7294 7332 7359 7522 7536 7609 7630 7710 7793 
369 113 246 247 301 389 464 486 555 577 809 969 1202 1209 1244 1248 1264 1394 1669 1732 1788 1794 2311 2409 2698 2860 2910 3342 3428 3568 3607 3917 3925 4268 4387 4646 5016 5024 5191 5232 5485 5490 5694 5817 5926 6224 6838 6840 6953 6956 6960 7105 7110 7134 7256 7371 7651 7658 7755 7777 7875 
370 334 1241 1480 2152 3505 3589 3688 
371 306 318 1379 1845 1877 1905 2776 5709 6772 
372 641 1283 1557 1970 2192 2470 2784 2865 2877 3211 3634 4242 4566 4656 4924 4961 5830 5879 6037 6195 6685 7079 7107 7123 7153 7380 7457 7749 7759 7788 
373 1011 1327 1426 2260 2719 3540 3661 6192 6212 6351 6849 7155 7493 7575 7738 
374 732 1002 3456 4354 5022 5107 6591 
376 872 1694 1875 2161 2456 3687 4221 5415 5869 6756 6866 
377 361 606 1204 2986 3764 4425 4489 5009 5057 5399 5519 6076 6562 6857 
378 1243 1530 1615 2074 2210 2307 2375 2805 2964 3128 3640 4045 4166 4183 4669 5697 5741 6043 6189 6413 6495 6498 6689 6809 6917 6980 7193 7247 7718 
379 425 1561 2644 3787 4122 4185 4879 4896 5265 5534 5938 
380 422 1086 1505 2919 3000 3099 3847 4635 5074 5542 
381 1156 2463 2711 3963 4004 4615 5205 5283 5834 6487 6723 6867 
382 912 1356 1493 4167 5407 5581 6733 
383 668 1833 2398 2610 2611 2737 2842 2892 3041 4148 4329 5573 5689 6420 6706 
384 91 278 322 493 891 1102 1150 1373 1469 1651 1756 2107 2417 2439 2552 2804 3397 3928 4534 4793 4822 4971 5068 5124 5163 5190 5451 5546 6178 6518 6572 6595 6653 7152 7629 7802 7829 7844 
385 77 756 1866 3432 
386 1451 1687 2551 5132 5187 
387 404 705 1106 1114 1151 1703 2046 2079 2164 2194 2629 2645 3280 3641 3650 4710 4746 4820 4921 4944 5375 6101 6546 6710 6962 7106 7242 7461 
388 830 900 935 1054 1107 1262 1272 1497 1531 1851 1870 1988 2243 2377 2974 3639 4649 4812 5170 5230 5237 5296 5646 5897 6314 6426 6929 6992 6993 7618 
390 1483 1900 2297 2318 4002 4131 4735 6026 6427 6472 7057 7078 7849 7877 
391 83 472 550 712 1037 1383 1459 1586 1625 1760 1771 1922 1983 1994 2025 2138 2268 2673 2734 2895 3464 3487 3536 3629 3828 4189 4239 4276 4389 4639 5113 5293 5332 5700 5719 5765 5778 5922 5927 5937 5999 6019 6152 6262 6478 7373 7512 7680 7754 7867 
393 61 143 179 2282 2331 2503 4256 6219 6477 6779 7239 
394 9 297 449 1038 2083 2557 2749 3070 3696 3714 4851 5567 5886 6287 6570 6836 
396 1821 2105 4097 4455 5341 7173 
398 271 482 975 1487 3357 4588 4915 5146 6196 7204 7613 7643 
399 662 860 1791 2351 3265 3519 3708 4398 5255 5430 5747 6331 6635 6870 7477 7533 7647 
400 122 479 1601 1630 3313 3833 5036 5155 5318 5949 6484 6557 7500 7666 
401 693 2949 4011 4342 4404 4676 5748 5833 6239 6901 7156 
402 37 163 183 340 343 346 1174 1317 1321 1735 1992 2914 2951 3091 3256 3388 4313 4555 4572 5092 5261 5393 5426 5574 5673 5862 5941 6340 6762 6793 6912 7215 7548 7581 7704 7784 
403 123 217 1914 1998 3737 3862 4802 5645 5872 6769 
404 738 3321 4518 5880 7271 7705 
406 46 126 137 2353 4460 5145 6183 
407 781 2095 3202 3436 3992 7574 7836 
408 3668 4594 5571 6967 7137 7752 
409 199 327 927 1101 1301 2472 2583 3273 3988 4283 4324 5277 5623 5718 
410 614 1798 2649 3408 3490 4783 7011 
411 325 853 2813 2832 3908 6274 6889 
412 24 98 220 335 630 677 834 1203 1857 2132 2251 2285 2362 2410 2437 2474 2827 3044 3206 3539 3543 4007 4163 4181 4833 4838 5235 5316 5528 5665 5715 5806 5852 6042 6051 6055 6100 6128 6264 6299 6537 6550 6552 7048 7365 7656 
413 613 770 1708 1881 2270 2271 2429 2446 2725 2843 3193 3380 3390 4103 4677 4697 4985 6467 6514 6532 7059 7077 7394 7798 
414 23 331 1342 1959 1999 3782 4640 5683 7553 7678 
415 433 708 727 1354 2253 2739 2748 3179 3220 3247 3370 3398 3576 3980 4043 4154 4170 4272 4780 4870 5380 5437 5670 5753 5768 5819 6184 6202 6628 6815 7293 7677 
417 348 920 1751 4195 4282 4652 5588 5964 6022 6576 6593 7086 7407 
419 2150 3418 4493 4885 5577 5903 6872 
420 1207 1227 1408 3423 5388 
421 741 988 2623 4582 6091 6328 
422 1211 1580 2501 3167 3694 4949 5680 6170 
423 769 1770 2837 3495 3894 4550 4860 4959 5650 6406 6705 6859 7458 7739 
424 357 463 2078 2302 2323 2421 2683 3424 3472 3516 4101 4107 4129 5584 5662 5988 6010 6307 6585 7213 7316 
425 2 558 691 746 2220 2709 2990 3268 3829 4855 5287 6422 7674 
426 515 1062 1319 2075 2431 3063 3125 3264 4263 4613 6094 7352 
427 704 1345 1518 2221 4487 6034 7350 
428 2306 2607 3772 7007 7554 7653 7818 
429 79 152 1192 1322 1847 3328 3813 4549 
430 190 1532 1643 1830 3667 4438 7374 7837 
431 637 2591 3999 4194 4831 7450 
432 938 2500 4169 5771 5835 7355 7484 7601 
433 490 1031 2601 2954 3538 5109 5613 5660 7227 7451 7708 
434 380 752 2190 3199 5627 7255 
435 280 308 366 518 977 1187 1306 1545 1654 1921 1987 2312 2560 3062 3305 3331 3399 3622 3752 4410 4495 4581 4651 4873 4952 5007 5432 5775 6011 6132 6647 7169 7302 7483 7771 7882 
436 1911 2411 2810 4190 4826 5151 7811 7843 
437 626 1067 2441 4050 4397 4528 5327 7266 7518 
439 1676 2365 2922 6539 6713 6951 
440 1595 2296 3010 3114 3163 3337 3558 3659 4472 4922 6063 6444 
441 141 1137 2701 3451 3552 3555 4973 5182 5350 
442 277 570 765 1618 1714 2633 2712 2814 3012 3112 3235 3774 3906 4506 4974 5015 5098 5135 5435 5691 5859 5972 6115 6289 6739 6742 6984 7473 7569 
443 2723 4029 4500 
444 76 636 939 1419 2073 2108 2322 3420 3857 3941 4382 4661 5398 6265 6415 6826 7650 7663 7737 
445 51 622 1200 2041 2265 3106 3809 3876 3972 4010 4128 4164 4200 4551 4680 4723 4811 5048 5655 5807 6155 6280 6449 6932 6937 7399 7489 
447 63 367 497 1276 1326 1849 2303 2392 2453 2647 3477 5940 6582 7304 
449 407 435 628 995 1128 1182 1406 1565 1769 1843 1957 2179 2386 2549 2875 2879 2996 3415 3575 3821 4098 4553 5479 5980 6741 6810 
450 793 894 981 1249 1510 3145 3164 4047 4441 4910 4934 5213 6565 
451 155 3294 5658 
452 40 585 2359 3460 4475 4641 5345 6260 7376 
453 2541 2961 3978 5254 5525 7367 
455 2419 2467 5064 6750 7343 
456 45 881 1012 1052 1090 1375 1548 1671 1968 2026 2091 2128 2435 2512 2680 3031 3493 3651 3673 3990 4260 4499 4976 5589 5666 5812 6235 6649 6784 6898 6975 7189 
457 737 1081 1761 2119 2248 2569 2982 3334 4223 4440 4981 5727 6512 7231 7420 
459 2792 5390 5814 5847 7009 
460 455 1424 1672 2790 2921 3556 3627 4119 4409 4580 5119 5550 5951 6144 6441 7397 7720 
461 54 1449 2393 5565 5622 7275 
462 35 363 2493 3571 3733 3949 5303 5780 6062 7296 
463 476 572 627 819 1085 1616 1704 1820 1935 2080 2397 2521 2662 2730 3030 3422 3520 3683 3982 4018 4346 4347 4665 4935 5004 5211 5636 6226 6442 6698 6858 6933 6947 7492 7502 7684 7865 
465 157 534 960 1075 1410 1977 2361 2640 3052 3438 3484 3497 4569 4889 5241 5516 5749 6142 6934 6974 7525 
467 576 739 1817 1842 3047 5728 7358 7387 
468 805 1349 1372 1512 2563 2771 3226 3365 3442 3814 3836 4349 4408 4679 4963 4965 5017 5031 5062 5138 5411 5887 6419 6476 6497 6812 6861 7041 7442 
469 1313 5523 6807 
471 504 998 1293 1415 3603 4451 6003 6394 7162 
472 130 1804 1844 3379 5307 5323 5356 7736 
473 274 568 1656 2082 2791 5688 7274 
474 128 178 1218 3281 3780 4012 4120 4741 6035 6976 
475 292 1965 2669 3027 3283 3355 3394 4009 4231 4977 6577 
476 174 1894 2403 2989 3338 4202 6324 
477 251 1482 3800 4368 5993 6334 7062 7251 
478 1325 1775 3279 3307 3431 3785 4145 4508 4638 4869 5422 5468 6238 
479 478 1941 2454 2931 3285 4165 4654 4887 5264 7529 
480 315 4243 4309 4366 
481 511 2883 3320 4758 5899 7050 7207 
482 295 505 2495 3437 3811 3953 4712 5731 5797 7540 
483 1288 1308 2602 3455 5373 5745 6483 7052 7158 
484 387 417 5456 
485 257 521 586 813 851 933 1159 1330 1534 1540 1576 1829 1861 1864 1896 1924 2053 2093 2134 2206 2330 2348 2851 2886 2972 3037 3075 3175 3178 3267 3327 3439 3820 3985 4134 4259 4278 4335 4365 4383 4587 4668 4695 4840 4884 4891 4990 5069 5130 5280 5444 5564 5853 5874 5987 6056 6400 6436 6602 6609 6645 6885 7067 7195 7203 7233 7305 7532 7769 7812 7823 7833 7845 
487 194 1332 1674 1835 1962 2573 3527 3766 6418 7278 7558 
488 2618 5094 6805 6909 7819 
489 423 706 747 858 965 1003 1353 1428 1566 1705 1984 2407 2635 2870 3115 3165 3234 3638 3819 4037 4080 4535 5030 5335 5698 6059 6288 6348 6393 6996 7061 7066 7205 7336 7588 
491 294 332 3684 4374 4729 4902 5594 7462 
492 796 968 2286 2555 4650 
494 948 1053 1143 1172 1464 2065 2604 2650 2795 2955 3433 3961 4867 4919 5805 6105 6140 6547 6987 7021 7069 7386 7594 7693 7804 
495 655 1295 2449 2938 4595 4778 6729 7083 
496 103 856 1046 1341 2030 2050 2535 2912 2967 3174 3213 3729 3816 4075 4332 4865 4938 5219 5288 5418 6143 6321 6446 6854 7098 7391 
497 0 12 208 408 1365 1706 1727 1947 2273 2299 2396 3053 3170 3385 3664 4172 4627 4711 4720 4940 4948 5272 5366 5533 5603 5703 5865 5974 6158 6230 6503 6721 6759 7414 
501 642 883 886 1507 1689 4407 4437 4839 5039 5417 5425 5442 5672 5885 6005 6166 6257 6474 6502 6694 6748 6945 6978 7124 7422 7543 7800 
502 936 3134 3582 3918 4761 5412 
503 1715 2015 3055 3323 3623 7031 
504 164 1695 3078 3274 3329 3744 3919 4486 
505 258 2292 3293 3686 3870 4542 5667 6749 6892 7238 7535 
506 1899 2527 3625 5095 5480 5878 
507 1621 3375 6652 6691 7570 
508 654 986 2076 2430 3654 7621 
509 93 593 2147 2627 3448 3771 4864 
510 1018 1144 2204 2422 2679 4320 4371 5557 5610 5704 7160 
511 390 1589 2350 3677 4619 5553 6395 6599 
513 2121 2184 3824 4218 5000 5115 5649 6434 7565 
514 709 1048 1772 2153 5020 5144 5300 6311 7080 7521 
515 663 1335 4137 6232 7557 
517 1579 1737 2596 4024 5579 
518 207 859 1511 2428 3389 4449 5351 6018 7866 
520 2379 3806 3888 4071 5948 6650 6897 7187 7194 7345 7698 
522 875 2958 3350 4391 4521 4691 4759 5982 6747 7412 7660 7822 
523 1299 1357 1725 2289 2742 2831 3192 3215 3361 3474 4118 4452 4675 4828 4900 5343 5500 5556 5798 5820 6049 6110 6309 7363 7694 7751 
524 158 2354 5979 6494 7791 
525 17 1025 1036 1503 3242 3364 3613 4568 4688 
526 299 930 1412 1623 4872 
527 3373 7429 
528 1712 2071 4589 5647 5995 6126 6638 
529 3301 4087 5049 5243 5310 5337 5648 7549 
530 97 597 1862 2828 3050 3229 3252 3384 3705 4308 4363 4381 4548 4599 4805 4862 4892 5131 5149 5487 5687 5990 6736 7138 7635 
531 260 273 3567 4055 6223 
532 405 772 1626 3155 3585 3615 3674 4352 4511 6447 6587 7053 7191 7859 
533 1685 3181 3750 3971 4057 4616 5304 5620 5877 7184 
534 42 253 385 845 1215 1450 1574 1736 1753 1787 1886 2144 2280 2482 2565 2778 2893 3084 3151 3387 3602 3791 4058 4089 4270 5122 5315 5729 5730 5854 5997 6068 6291 6516 7206 7338 7646 7675 7703 7757 7758 7803 7884 
535 1004 1315 2195 4552 4684 5463 6709 
536 244 310 439 467 773 854 857 887 1214 1377 1880 1913 1920 2124 2295 2588 2746 2785 3232 3596 4762 5054 5233 5625 5681 5860 7171 7308 
537 47 867 1074 2930 3362 5156 5532 6157 6541 
538 1092 3004 6098 6228 6245 
539 74 1001 1546 1697 1758 2120 3406 3637 4801 4881 6099 
540 370 569 1273 1491 1956 2237 2605 4039 5392 5521 5939 
541 11 186 751 815 2641 2937 4847 5740 7116 7801 7806 
542 50 1071 1274 1800 2051 3029 3954 5157 5766 6237 6371 6511 
543 3092 3417 4584 6271 7167 
544 34 543 799 1287 2745 2750 3138 3255 3335 3717 4454 4942 5851 6040 7097 7364 7384 
545 1070 1364 1562 1982 2394 2781 3762 3957 4031 5397 6551 6862 
546 432 1135 4532 4800 5168 6640 7229 
547 513 562 1774 2275 2484 3562 4686 7004 7297 
548 107 240 526 1859 2487 2532 2965 3173 3194 3711 3741 3950 3994 3997 4241 4429 4888 4911 4927 5012 5041 5067 5226 5249 5889 6113 6990 7019 7614 
549 1362 1949 2092 4109 4205 6343 
551 507 600 944 1370 1536 2011 2137 2756 2948 3449 4351 5601 6908 7585 
552 182 1543 2885 3228 4345 4546 4789 4904 4954 5824 6841 7280 
555 420 489 748 784 1292 1523 1709 1717 1885 1955 2117 2209 2882 2929 3123 3450 3537 3591 3726 4177 4385 4545 4737 4848 5244 5408 5801 6046 6122 6408 6526 6620 6825 7300 7645 7719 
557 715 2109 3955 4258 4523 4601 4797 6915 7459 
558 245 1034 2991 3201 3292 3302 3344 3727 3773 
559 212 816 1146 1973 1991 2340 2461 4576 5810 
560 169 1701 1754 1972 2129 2908 4216 4517 4894 5291 
561 1909 3224 3447 5368 5413 7481 
562 686 2902 2979 4085 4992 5891 
563 84 161 442 465 522 1108 1280 2731 3036 3967 5106 6731 6878 6964 7768 
564 1570 2568 3095 4090 4960 5755 6466 7568 
565 1453 1683 2324 2928 4321 5555 7583 
567 275 546 2544 3699 3740 5572 5934 6523 6624 6905 
568 288 789 1713 2624 2786 4150 4339 4448 4798 5707 6789 7051 
569 309 320 441 443 468 494 608 924 1219 1466 1467 1614 1634 1650 1779 1953 2006 2029 2333 2400 2547 2932 2946 2957 3082 3097 3204 3524 3735 3799 3973 3983 4068 4074 4123 4174 4284 4392 4419 4501 4504 4687 4918 4926 5118 5174 5286 5671 5675 5769 5902 6069 6073 6553 6568 6662 6904 6994 6998 7076 7349 7445 7479 7604 7853 
570 14 172 599 1124 1979 2259 2304 2793 3187 3511 3608 3881 4767 6172 7089 7418 7438 
571 1657 1690 1969 6385 6955 
572 119 1368 2381 3100 4302 4462 5517 6533 
573 211 279 286 512 849 1216 1253 1852 1908 2061 2169 2553 2580 3506 3835 4471 4515 4558 4817 5136 5221 5828 5991 6222 6357 7071 7085 7244 7339 7499 7828 
574 171 785 1178 2676 2960 4978 5035 5072 5329 6342 7702 
575 20 31 1752 2036 2473 2788 4196 5618 5790 6368 7328 
576 187 227 2181 2494 3635 3846 4556 6703 
577 99 236 321 519 2743 2852 4077 4201 4331 5180 5478 7825 
578 1168 1711 4749 
579 844 990 1122 2469 2659 3542 6057 6332 6510 
580 786 794 1059 1951 2127 2142 2198 2214 2993 3093 3157 3937 6305 7334 
581 1021 1386 1976 2059 4086 4362 5172 6058 7108 
582 870 2090 2692 3851 4017 5216 
583 574 1390 1926 2478 5548 6169 6338 6392 6485 
584 110 121 300 530 532 551 690 828 991 1195 1329 1463 1611 1719 1967 1971 2096 2332 2668 3073 3080 3351 3404 3532 3584 4287 4393 4733 5365 5386 5892 6013 6607 6760 7219 7743 7835 
585 10 414 1993 2201 2336 2896 2981 4153 4464 4809 5011 5218 5431 6204 6835 7216 
586 209 424 539 971 1194 1514 1632 1678 2101 2480 3033 3695 3716 3798 3885 3991 4096 4350 4689 4756 5194 5608 5706 5756 5840 6074 6374 6450 6555 6641 6773 6983 7393 7711 
587 88 2088 2373 3110 7320 
588 131 864 1716 2081 3066 3563 3838 4796 6070 6424 6646 7036 
589 451 1506 1629 1638 1734 1768 2066 2118 2148 2424 2577 2816 2944 3597 3704 3834 4899 5382 6006 7405 7531 7687 
590 168 265 588 740 1104 1228 1384 1568 1607 2089 2094 2202 2254 2356 2420 2452 2491 2533 2546 2630 2636 2652 2803 3225 3595 3875 4193 4294 4436 4478 5212 5313 5908 6000 6015 6563 6613 6744 6971 7029 7243 7333 7472 7486 
591 1403 3208 3521 4006 5037 5083 5165 5821 6154 6519 7003 7088 7306 7724 7728 
592 656 839 1177 3873 4117 5578 6111 
593 219 675 696 970 3270 
594 453 718 1443 1649 2224 3074 3481 4353 5088 
595 352 723 5789 7093 7498 
596 53 893 1818 3135 4290 5692 6149 
597 36 144 605 1411 1470 1604 2802 3006 4658 5330 5984 6554 7163 
598 790 842 2175 2182 3141 3383 3670 5266 5661 6813 7144 7539 7637 
599 436 452 624 1799 2106 2339 2976 3300 3440 3932 4583 5204 5502 5558 5637 6461 6811 6874 7006 7025 7054 7073 7180 7547 
600 1750 1778 3023 3034 3104 3127 3842 4028 4175 5137 5856 7286 
601 461 1015 2103 2126 2927 3007 3349 4609 4682 4719 4941 6325 7139 7172 
602 49 78 1131 3272 3593 4505 4943 5324 5466 5739 5744 6829 7200 7277 7544 7632 7766 7873 
603 345 458 689 941 1006 1130 1509 1795 1846 2044 2174 2915 3466 3748 3903 3909 3951 3979 4046 4064 4106 4479 5025 5173 5184 5586 6399 6417 6429 6453 6776 6795 7199 7310 7453 7551 7668 7750 7840 7868 
604 1 2526 4491 6227 6270 6319 7303 7538 
605 3812 5873 6564 7700 
606 908 974 1153 1289 1382 1439 2272 2488 2747 2849 2933 3117 3186 3657 3768 4403 5320 5476 5497 5986 5996 5998 6389 7467 
607 3119 5752 6007 6066 6349 6373 7130 7157 
